desc: I1 cache:         32768 B, 64 B, 8-way associative
desc: D1 cache:         32768 B, 64 B, 8-way associative
desc: LL cache:         8388608 B, 64 B, 16-way associative
cmd: ./recursivo
events: Ir I1mr ILmr Dr D1mr DLmr Dw D1mw DLmw 
fl=/build/eglibc-3GlaMS/eglibc-2.19/csu/../csu/init-first.c
fn=_init
52 8 1 1 0 0 0 4 0 0
58 4 1 1 1 1 0 1 1 1
65 5 1 1 4 2 0 0 0 0
70 1 0 0 0 0 0 1 1 1
71 1 0 0 0 0 0 1 0 0
72 2 0 0 1 1 0 1 1 1
86 4 0 0 0 0 0 1 0 0
94 1 0 0 0 0 0 1 0 0
99 6 0 0 5 0 0 0 0 0
fl=/build/eglibc-3GlaMS/eglibc-2.19/csu/../sysdeps/generic/dl-hash.h
fn=_init
43 1 0 0 0 0 0 0 0 0
44 1 0 0 0 0 0 0 0 0
45 13 0 0 4 1 0 0 0 0
48 12 0 0 0 0 0 0 0 0
49 8 0 0 0 0 0 0 0 0
62 8 0 0 0 0 0 0 0 0
67 1 1 1 0 0 0 0 0 0
fl=/build/eglibc-3GlaMS/eglibc-2.19/csu/../sysdeps/unix/sysv/linux/x86_64/init-first.c
fn=_init
38 7 1 1 0 0 0 4 0 0
40 4 0 0 0 0 0 1 0 0
41 2 0 0 0 0 0 0 0 0
42 2 1 1 0 0 0 0 0 0
43 2 1 1 1 0 0 0 0 0
44 1 0 0 0 0 0 1 1 0
46 3 0 0 0 0 0 1 0 0
50 3 0 0 0 0 0 0 0 0
51 2 0 0 1 0 0 0 0 0
52 1 0 0 0 0 0 1 0 0
fl=/build/eglibc-3GlaMS/eglibc-2.19/csu/../sysdeps/x86_64/multiarch/init-arch.c
fn=__get_cpu_features
200 42 0 0 14 0 0 0 0 0
204 28 0 0 14 0 0 0 0 0
fn=__init_cpu_features
31 7 1 1 0 0 0 4 0 0
37 3 0 0 0 0 0 0 0 0
38 3 0 0 0 0 0 0 0 0
39 2 0 0 0 0 0 0 0 0
45 1 0 0 0 0 0 1 0 0
54 3 1 1 0 0 0 1 0 0
57 6 0 0 0 0 0 0 0 0
59 3 0 0 0 0 0 0 0 0
65 3 0 0 0 0 0 0 0 0
66 2 1 1 0 0 0 0 0 0
71 2 0 0 0 0 0 0 0 0
74 12 1 1 0 0 0 0 0 0
101 2 1 1 0 0 0 0 0 0
123 1 0 0 1 1 1 0 0 0
127 1 1 1 0 0 0 0 0 0
152 2 1 1 1 0 0 0 0 0
153 7 0 0 0 0 0 4 0 0
160 3 0 0 1 0 0 0 0 0
164 2 0 0 0 0 0 0 0 0
166 3 1 1 0 0 0 0 0 0
170 2 1 1 0 0 0 0 0 0
171 1 0 0 1 0 0 0 0 0
173 2 0 0 0 0 0 0 0 0
176 2 0 0 1 0 0 0 0 0
184 6 1 1 0 0 0 0 0 0
185 5 0 0 0 0 0 0 0 0
186 2 0 0 0 0 0 0 0 0
189 1 0 0 0 0 0 1 0 0
190 1 0 0 0 0 0 1 0 0
192 1 0 0 0 0 0 1 0 0
193 2 0 0 2 0 0 0 0 0
fl=/build/eglibc-3GlaMS/eglibc-2.19/csu/errno-loc.c
fn=__errno_location
26 12 1 1 12 0 0 0 0 0
27 6 0 0 6 0 0 0 0 0
fl=/build/eglibc-3GlaMS/eglibc-2.19/csu/libc-start.c
fn=(below main)
133 10 1 1 0 0 0 8 0 0
137 7 2 2 1 1 0 1 0 0
219 2 0 0 0 0 0 0 0 0
220 4 0 0 0 0 0 1 0 0
242 6 0 0 2 0 0 0 0 0
245 2 0 0 0 0 0 0 0 0
246 5 1 1 4 0 0 1 0 0
250 4 0 0 2 1 0 0 0 0
265 2 0 0 0 0 0 0 0 0
274 2 0 0 0 0 0 1 0 0
275 2 1 1 0 0 0 0 0 0
280 2 0 0 1 1 0 1 0 0
281 2 0 0 1 1 0 1 0 0
284 2 0 0 0 0 0 1 0 0
287 6 0 0 5 2 0 1 0 0
321 2 0 0 0 0 0 1 0 0
fl=/build/eglibc-3GlaMS/eglibc-2.19/ctype/ctype-info.c
fn=__ctype_init
31 7 1 1 5 3 0 1 0 0
33 4 0 0 2 1 0 1 0 0
35 5 1 1 3 0 0 1 0 0
fl=/build/eglibc-3GlaMS/eglibc-2.19/elf/../elf/dl-runtime.c
fn=_dl_fixup
66 580 1 1 0 0 0 348 0 0
68 116 0 0 116 0 0 0 0 0
69 232 0 0 232 7 3 0 0 0
72 580 1 1 232 24 11 0 0 0
73 812 0 0 232 108 10 116 0 0
74 348 0 0 232 10 2 0 0 0
79 232 0 0 0 0 0 0 0 0
83 232 1 1 116 115 65 0 0 0
85 2 1 1 0 0 0 0 0 0
87 348 0 0 116 13 6 0 0 0
91 230 0 0 230 109 13 0 0 0
92 460 0 0 115 3 1 0 0 0
94 460 0 0 115 23 7 0 0 0
100 116 0 0 0 0 0 0 0 0
101 348 1 1 116 2 0 0 0 0
108 232 0 0 116 5 1 116 0 0
111 1160 1 1 232 14 6 348 0 0
115 348 0 0 116 0 0 0 0 0
119 464 0 0 116 0 0 116 0 0
125 696 1 1 232 1 0 0 0 0
133 116 0 0 116 0 0 0 0 0
141 464 0 0 116 0 0 0 0 0
145 348 0 0 116 2 1 0 0 0
149 580 0 0 464 0 0 0 0 0
fl=/build/eglibc-3GlaMS/eglibc-2.19/elf/../elf/dl-sysdep.c
fn=_dl_sysdep_start
86 8 1 1 0 0 0 7 1 1
87 2 0 0 0 0 0 0 0 0
88 1 0 0 0 0 0 0 0 0
110 1 0 0 0 0 0 1 0 0
111 234 1 1 76 10 10 4 3 3
114 2 0 0 0 0 0 1 0 0
115 1 0 0 0 0 0 1 1 1
117 90 4 4 23 5 5 10 0 0
118 111 0 0 21 3 3 0 0 0
121 1 0 0 1 0 0 0 0 0
122 1 0 0 0 0 0 0 0 0
124 1 0 0 1 0 0 0 0 0
125 1 0 0 0 0 0 0 0 0
127 1 1 1 1 0 0 0 0 0
128 1 0 0 0 0 0 0 0 0
130 1 0 0 1 0 0 0 0 0
131 1 0 0 0 0 0 0 0 0
151 1 1 1 1 0 0 0 0 0
152 1 0 0 0 0 0 0 0 0
154 1 0 0 1 0 0 0 0 0
155 1 0 0 0 0 0 0 0 0
157 1 1 1 1 0 0 0 0 0
158 1 0 0 0 0 0 0 0 0
163 1 0 0 1 0 0 0 0 0
164 1 0 0 0 0 0 0 0 0
179 1 0 0 1 0 0 0 0 0
180 1 0 0 0 0 0 0 0 0
232 3 1 1 0 0 0 2 0 0
234 5 0 0 0 0 0 1 0 0
246 3 1 1 1 0 0 0 0 0
249 6 0 0 2 0 0 1 0 0
250 1 1 0 1 1 0 0 0 0
251 8 0 0 7 1 0 0 0 0
fn=_dl_sysdep_start_cleanup
256 1 1 1 1 0 0 0 0 0
fl=/build/eglibc-3GlaMS/eglibc-2.19/elf/../misc/sbrk.c
fn=sbrk
34 4 1 1 0 0 0 2 0 0
42 6 0 0 2 0 0 0 0 0
46 2 1 1 0 0 0 0 0 0
57 5 0 0 3 0 0 0 0 0
fl=/build/eglibc-3GlaMS/eglibc-2.19/elf/../sysdeps/unix/sysv/linux/dl-osinfo.h
fn=security_init
61 2 0 0 0 0 0 0 0 0
84 2 1 1 1 0 0 1 0 0
86 1 1 1 1 0 0 0 0 0
93 1 0 0 1 0 0 0 0 0
101 2 0 0 0 0 0 0 0 0
112 1 0 0 1 0 0 0 0 0
fl=/build/eglibc-3GlaMS/eglibc-2.19/elf/../sysdeps/unix/sysv/linux/dl-sysdep.c
fn=_dl_discover_osversion
45 7 1 1 0 0 0 6 0 0
47 3 0 0 1 0 0 0 0 0
87 5 1 1 0 0 0 1 1 1
102 1 0 0 0 0 0 0 0 0
106 1 0 0 0 0 0 0 0 0
107 1 0 0 0 0 0 0 0 0
109 12 1 1 3 1 1 0 0 0
111 6 0 0 0 0 0 0 0 0
113 17 0 0 4 0 0 0 0 0
115 1 0 0 0 0 0 0 0 0
116 2 0 0 0 0 0 0 0 0
119 3 0 0 0 0 0 0 0 0
120 3 0 0 0 0 0 0 0 0
121 3 0 0 0 0 0 0 0 0
123 13 1 1 0 0 0 0 0 0
128 2 0 0 0 0 0 0 0 0
132 8 0 0 7 0 0 0 0 0
fn=_dl_sysdep_start
35 2 0 0 0 0 0 1 1 1
fl=/build/eglibc-3GlaMS/eglibc-2.19/elf/../sysdeps/unix/sysv/linux/dl-vdso.c
fn=_dl_vdso_vsym
26 4 0 0 0 0 0 0 0 0
27 8 1 1 8 3 0 0 0 0
28 8 1 1 4 0 0 0 0 0
31 8 0 0 0 0 0 0 0 0
fl=/build/eglibc-3GlaMS/eglibc-2.19/elf/../sysdeps/unix/sysv/linux/x86_64/brk.c
fn=brk
28 1 0 0 0 0 0 0 0 0
31 7 1 1 0 0 0 1 1 1
33 2 0 0 0 0 0 0 0 0
39 1 0 0 0 0 0 0 0 0
40 1 0 0 1 0 0 0 0 0
fl=/build/eglibc-3GlaMS/eglibc-2.19/elf/../sysdeps/x86_64/dl-irel.h
fn=_dl_fixup
32 9 1 1 0 0 0 3 0 0
fl=/build/eglibc-3GlaMS/eglibc-2.19/elf/../sysdeps/x86_64/dl-machine.h
fn=_dl_fixup
210 116 0 0 0 0 0 116 0 0
fn=_dl_relocate_object
71 28 1 1 7 0 0 0 0 0
77 12 1 1 12 4 0 0 0 0
81 18 0 0 6 6 5 0 0 0
87 6 0 0 0 0 0 6 0 0
95 18 1 1 6 0 0 0 0 0
108 12 0 0 0 0 0 6 0 0
111 24 0 0 6 5 0 0 0 0
244 4850 0 0 0 0 0 0 0 0
265 4850 1 1 0 0 0 0 0 0
269 4850 0 0 0 0 0 0 0 0
276 92066 10 10 18611 1353 989 12075 5 0
278 12049 0 0 4810 0 0 0 0 0
281 9620 1 1 2405 0 0 0 0 0
287 16975 0 0 2425 7 3 0 0 0
320 8 0 0 0 0 0 0 0 0
321 12 1 1 4 1 0 4 1 0
328 6 0 0 2 0 0 0 0 0
330 4 0 0 4 1 1 0 0 0
339 4 0 0 0 0 0 2 2 0
382 33 1 1 11 0 0 0 0 0
386 55 0 0 11 1 0 0 0 0
391 55 1 1 22 2 2 11 9 9
410 7218 1 1 2406 297 296 2406 721 321
422 36 1 1 0 0 0 12 0 0
449 6 0 0 2 0 0 0 0 0
453 12 1 1 6 0 0 2 0 0
455 6 0 0 4 0 0 0 0 0
456 2 0 0 0 0 0 0 0 0
487 5109 0 0 1703 428 425 0 0 0
492 3406 1 1 0 0 0 0 0 0
493 5109 0 0 1703 213 213 1703 375 368
503 1631 0 0 825 0 0 0 0 0
507 1612 0 0 0 0 0 0 0 0
509 2418 0 0 806 0 0 0 0 0
510 806 0 0 806 101 99 0 0 0
527 38 0 0 38 0 0 0 0 0
529 19 0 0 0 0 0 19 0 0
530 19 0 0 0 0 0 19 0 0
fn=_dl_start
58 3 0 0 1 1 1 0 0 0
241 9 0 0 0 0 0 0 0 0
269 18 0 0 0 0 0 0 0 0
278 36 0 0 18 2 2 0 0 0
281 36 0 0 9 5 5 0 0 0
287 55 0 0 9 2 2 0 0 0
391 9 1 1 9 1 1 0 0 0
400 9 0 0 0 0 0 9 2 2
492 20 0 0 10 1 1 0 0 0
493 30 0 0 10 1 1 10 2 2
fn=_dl_sysdep_start
200 5 0 0 2 1 1 0 0 0
fl=/build/eglibc-3GlaMS/eglibc-2.19/elf/../sysdeps/x86_64/dl-trampoline.S
fn=_dl_runtime_resolve
34 116 1 1 0 0 0 0 0 0
36 116 0 0 0 0 0 116 1 0
37 116 0 0 0 0 0 116 0 0
38 116 0 0 0 0 0 116 0 0
39 116 0 0 0 0 0 116 0 0
40 116 0 0 0 0 0 116 0 0
41 116 1 1 0 0 0 116 0 0
42 116 0 0 0 0 0 116 0 0
43 116 0 0 116 0 0 0 0 0
44 116 0 0 116 0 0 0 0 0
45 116 0 0 0 0 0 116 0 0
46 116 0 0 0 0 0 0 0 0
47 116 0 0 116 0 0 0 0 0
48 116 0 0 116 0 0 0 0 0
49 116 0 0 116 0 0 0 0 0
50 116 0 0 116 0 0 0 0 0
51 116 0 0 116 0 0 0 0 0
52 116 0 0 116 0 0 0 0 0
53 116 0 0 116 0 0 0 0 0
54 116 0 0 0 0 0 0 0 0
56 116 1 1 0 0 0 0 0 0
fl=/build/eglibc-3GlaMS/eglibc-2.19/elf/dl-addr.c
fn=_dl_addr
30 2 0 0 1 0 0 1 0 0
31 2 0 0 1 0 0 1 0 0
34 2 0 0 1 0 0 0 0 0
38 1 0 0 1 0 0 0 0 0
39 1 0 0 1 0 0 0 0 0
40 3 1 1 2 0 0 1 0 0
42 2 0 0 2 0 0 0 0 0
45 2 0 0 1 1 0 0 0 0
50 2029 0 0 2 0 0 0 0 0
52 1011 1 1 1011 63 21 0 0 0
53 2022 0 0 0 0 0 0 0 0
55 4927 0 0 905 0 0 0 0 0
61 11060 0 0 2212 474 429 0 0 0
63 8848 1 1 2212 0 0 0 0 0
64 16231 0 0 5080 352 320 0 0 0
69 2212 0 0 0 0 0 0 0 0
71 7647 1 1 2212 137 82 0 0 0
99 3 0 0 1 1 0 0 0 0
100 1 0 0 0 0 0 1 1 0
101 3 1 1 1 0 0 0 0 0
104 2 0 0 0 0 0 0 0 0
116 1 1 1 0 0 0 1 0 0
117 1 0 0 0 0 0 1 0 0
126 11 1 1 0 0 0 8 0 0
131 3 1 1 2 1 0 1 0 0
133 2 0 0 0 0 0 1 0 0
135 2 0 0 0 0 0 0 0 0
138 2 1 1 0 0 0 0 0 0
141 3 0 0 2 2 0 1 0 0
144 9 1 1 7 1 0 0 0 0
fl=/build/eglibc-3GlaMS/eglibc-2.19/elf/dl-altinit.c
fn=dlinit_alt
33 3 0 0 2 0 0 0 0 0
34 1 0 0 1 0 0 0 0 0
fl=/build/eglibc-3GlaMS/eglibc-2.19/elf/dl-cache.c
fn=_dl_cache_libcmp
138 132 1 1 88 36 36 0 0 0
139 576 0 0 0 0 0 0 0 0
141 831 0 0 0 0 0 0 0 0
143 299 0 0 0 0 0 0 0 0
149 33 1 1 0 0 0 0 0 0
150 22 0 0 0 0 0 0 0 0
151 44 0 0 11 0 0 0 0 0
153 55 1 1 11 0 0 0 0 0
155 22 0 0 0 0 0 0 0 0
161 532 1 1 0 0 0 0 0 0
163 998 0 0 466 4 4 0 0 0
164 33 0 0 0 0 0 0 0 0
167 233 0 0 0 0 0 0 0 0
168 233 0 0 0 0 0 0 0 0
171 22 0 0 0 0 0 0 0 0
172 88 0 0 44 0 0 0 0 0
fn=_dl_load_cache_lookup
182 32 1 1 0 0 0 24 0 0
190 8 0 0 4 0 0 0 0 0
193 12 0 0 4 0 0 0 0 0
196 5 1 1 0 0 0 1 0 0
204 5 0 0 1 0 0 0 0 0
205 6 1 1 0 0 0 1 0 0
209 1 0 0 0 0 0 1 0 0
212 4 0 0 1 0 0 0 0 0
215 2 0 0 0 0 0 1 0 0
216 3 0 0 0 0 0 0 0 0
217 5 1 1 0 0 0 1 0 0
219 2 0 0 0 0 0 0 0 0
238 12 0 0 3 0 0 0 0 0
244 12 1 1 4 0 0 0 0 0
253 20 0 0 8 0 0 4 0 0
259 16 0 0 0 0 0 8 0 0
263 28 1 1 8 0 0 8 0 0
264 24 0 0 12 0 0 0 0 0
278 1011 9 9 142 31 31 52 0 0
294 8 1 1 4 0 0 0 0 0
299 36 0 0 28 0 0 0 0 0
fn=_dl_unload_cache
308 1 0 0 0 0 0 0 0 0
309 4 1 1 1 1 0 0 0 0
311 2 0 0 1 1 0 1 0 0
312 1 0 0 0 0 0 1 0 0
314 2 0 0 1 0 0 0 0 0
fl=/build/eglibc-3GlaMS/eglibc-2.19/elf/dl-debug.c
fn=_dl_debug_initialize
50 14 1 1 0 0 0 0 0 0
51 7 1 1 7 0 0 0 0 0
55 26 0 0 7 1 0 0 0 0
58 1 0 0 0 0 0 1 0 0
59 2 0 0 0 0 0 1 0 0
60 6 0 0 2 0 0 1 0 0
61 2 0 0 0 0 0 1 0 0
fn=_dl_debug_state
74 2 1 1 2 0 0 0 0 0
fl=/build/eglibc-3GlaMS/eglibc-2.19/elf/dl-deps.c
fn=_dl_map_object_deps
147 11 2 2 0 0 0 9 0 0
148 9 0 0 0 0 0 1 0 0
160 6 0 0 0 0 0 2 0 0
161 2 0 0 0 0 0 2 0 0
162 10 0 0 0 0 0 3 0 0
164 1 0 0 0 0 0 0 0 0
168 8 1 1 2 0 0 2 0 0
178 8 1 1 1 0 0 0 0 0
179 1 0 0 1 0 0 0 0 0
182 3 1 1 0 0 0 2 0 0
188 1 0 0 0 0 0 1 0 0
189 1 0 0 0 0 0 1 0 0
201 2 0 0 1 0 0 1 0 0
202 1 0 0 0 0 0 0 0 0
203 1 0 0 0 0 0 1 0 0
204 2 0 0 0 0 0 2 0 0
209 7 0 0 0 0 0 0 0 0
210 7 1 1 0 0 0 0 0 0
213 7 0 0 0 0 0 7 0 0
217 28 1 1 14 0 0 0 0 0
218 32 1 1 13 0 0 0 0 0
220 5 0 0 0 0 0 0 0 0
222 15 0 0 10 0 0 0 0 0
224 26 1 1 2 0 0 4 0 0
229 22 1 1 11 0 0 0 0 0
231 15 0 0 10 0 0 5 0 0
236 5 0 0 0 0 0 5 0 0
237 5 0 0 0 0 0 5 0 0
238 10 0 0 5 0 0 5 0 0
239 10 0 0 5 0 0 5 0 0
242 563 0 0 147 1 0 5 0 0
243 264 0 0 0 0 0 0 0 0
249 63 1 1 18 0 0 9 0 0
251 9 0 0 0 0 0 9 0 0
254 54 1 1 36 0 0 9 0 0
256 27 0 0 9 0 0 0 0 0
271 9 0 0 9 0 0 0 0 0
273 18 0 0 9 0 0 0 0 0
278 15 0 0 0 0 0 0 0 0
281 5 0 0 0 0 0 5 0 0
282 5 1 1 0 0 0 5 0 0
283 5 0 0 0 0 0 5 0 0
284 10 0 0 5 0 0 5 0 0
286 20 0 0 5 0 0 5 0 0
288 25 0 0 5 0 0 10 0 0
292 18 0 0 0 0 0 0 0 0
293 21 0 0 0 0 0 7 0 0
295 369 1 1 0 0 0 0 0 0
343 9 1 1 0 0 0 4 0 0
471 14 1 1 0 0 0 0 0 0
473 15 0 0 0 0 0 5 0 0
475 10 0 0 0 0 0 5 0 0
476 10 0 0 0 0 0 0 0 0
477 10 1 1 0 0 0 0 0 0
480 5 0 0 0 0 0 5 2 2
481 30 0 0 0 0 0 5 0 0
482 25 0 0 0 0 0 5 0 0
485 5 0 0 0 0 0 5 0 0
486 5 0 0 5 0 0 0 0 0
490 28 1 1 14 0 0 0 0 0
492 7 0 0 7 0 0 0 0 0
493 32 0 0 6 0 0 0 0 0
497 6 1 1 2 0 0 0 0 0
498 2 0 0 1 0 0 1 0 0
501 5 0 0 2 0 0 1 0 0
511 2 0 0 0 0 0 1 0 0
512 3 1 1 1 0 0 0 0 0
514 2 0 0 0 0 0 0 0 0
519 7 1 1 2 0 0 1 0 0
520 4 0 0 1 0 0 1 0 0
522 38 0 0 15 0 0 1 0 0
528 21 1 1 7 0 0 7 2 2
532 14 0 0 14 0 0 0 0 0
535 2 0 0 1 0 0 0 0 0
586 6 1 1 3 0 0 1 0 0
587 1 0 0 0 0 0 1 0 0
588 3 0 0 1 0 0 0 0 0
623 7 1 1 1 0 0 2 0 0
625 3 0 0 0 0 0 0 0 0
629 31 0 0 16 0 0 3 0 0
630 8 1 1 0 0 0 2 0 0
631 3 1 1 1 0 0 1 0 0
635 8 0 0 8 0 0 0 0 0
636 16 0 0 8 0 0 0 0 0
642 61 1 1 8 0 0 0 0 0
644 68 0 0 34 0 0 0 0 0
645 39 0 0 0 0 0 0 0 0
647 111 1 1 37 0 0 0 0 0
648 81 0 0 0 0 0 0 0 0
652 20 1 1 0 0 0 10 0 0
654 2 0 0 0 0 0 2 0 0
656 20 1 1 14 0 0 0 0 0
658 2 0 0 2 0 0 0 0 0
662 2 0 0 2 0 0 0 0 0
663 14 1 1 4 0 0 4 0 0
665 2 1 1 0 0 0 2 0 0
667 4 0 0 2 0 0 0 0 0
670 15 0 0 0 0 0 0 0 0
673 18 0 0 6 0 0 0 0 0
676 83 0 0 21 0 0 21 0 0
683 2 1 1 1 0 0 1 0 0
685 2 0 0 1 0 0 1 0 0
686 1 0 0 1 0 0 0 0 0
687 3 0 0 1 0 0 0 0 0
694 3 0 0 1 0 0 0 0 0
697 2 0 0 0 0 0 0 0 0
700 8 0 0 7 0 0 0 0 0
fn=openaux
60 18 1 1 0 0 0 9 0 0
63 90 1 1 36 0 0 18 0 0
64 18 0 0 9 0 0 0 0 0
67 9 0 0 9 0 0 0 0 0
68 18 0 0 18 0 0 0 0 0
fl=/build/eglibc-3GlaMS/eglibc-2.19/elf/dl-environ.c
fn=_dl_next_ld_env_entry
30 3 1 1 3 0 0 0 0 0
31 1 0 0 0 0 0 0 0 0
33 227 0 0 75 0 0 0 0 0
35 148 0 0 74 39 39 0 0 0
36 22 1 1 10 0 0 0 0 0
38 2 0 0 0 0 0 0 0 0
41 4 0 0 0 0 0 2 0 0
43 2 0 0 2 0 0 0 0 0
46 72 0 0 0 0 0 0 0 0
50 1 0 0 1 0 0 0 0 0
fl=/build/eglibc-3GlaMS/eglibc-2.19/elf/dl-error.c
fn=_dl_catch_error
163 40 1 1 0 0 0 30 0 0
175 20 0 0 0 0 0 20 3 3
176 20 0 0 0 0 0 20 0 0
177 20 0 0 0 0 0 20 0 0
178 20 0 0 0 0 0 10 1 1
180 20 0 0 10 0 0 20 0 0
181 20 0 0 10 0 0 10 0 0
182 20 1 1 0 0 0 10 0 0
185 60 0 0 0 0 0 10 0 0
187 30 0 0 20 0 0 10 0 0
188 30 0 0 20 0 0 10 0 0
189 20 0 0 10 0 0 10 0 0
190 20 1 1 10 0 0 10 0 0
191 20 0 0 10 0 0 10 0 0
199 40 0 0 20 0 0 0 0 0
fn=_dl_receive_error
205 10 1 1 0 0 0 6 0 0
206 2 0 0 1 0 0 1 0 0
210 1 0 0 1 0 0 0 0 0
211 1 0 0 1 0 0 0 0 0
214 1 0 0 0 0 0 1 0 0
215 1 0 0 0 0 0 1 0 0
217 2 0 0 0 0 0 1 0 0
219 1 1 1 0 0 0 1 0 0
220 1 0 0 0 0 0 1 0 0
221 8 0 0 7 0 0 0 0 0
fl=/build/eglibc-3GlaMS/eglibc-2.19/elf/dl-fini.c
fn=_dl_fini
131 8 1 1 0 0 0 6 0 0
143 1 0 0 0 0 0 0 0 0
144 1 1 1 0 0 0 1 0 0
150 1 0 0 0 0 0 1 0 0
153 12 0 0 2 1 1 2 0 0
156 2 1 1 1 1 1 1 0 0
159 2 0 0 2 1 1 0 0 0
162 2 0 0 0 0 0 0 0 0
164 6 1 1 3 0 0 0 0 0
171 2 0 0 1 0 0 0 0 0
175 4 0 0 1 0 0 0 0 0
177 2 0 0 1 0 0 0 0 0
180 9 1 1 0 0 0 1 0 0
183 2 0 0 0 0 0 1 0 0
191 21 0 0 7 1 1 0 0 0
193 14 0 0 7 1 1 0 0 0
195 14 0 0 7 0 0 0 0 0
197 21 1 1 7 0 0 7 0 0
198 7 0 0 0 0 0 7 5 5
199 7 0 0 7 0 0 0 0 0
203 7 0 0 7 1 1 0 0 0
205 2 0 0 1 0 0 0 0 0
210 6 0 0 2 0 0 1 0 0
219 2 1 1 1 0 0 1 0 0
223 19 1 1 8 0 0 0 0 0
225 7 0 0 7 0 0 0 0 0
227 21 0 0 7 0 0 0 0 0
230 14 0 0 0 0 0 7 0 0
233 21 0 0 7 5 5 0 0 0
234 4 1 1 2 2 2 0 0 0
237 10 1 1 5 0 0 0 0 0
244 10 0 0 0 0 0 0 0 0
248 10 0 0 10 4 4 0 0 0
249 5 0 0 5 1 1 0 0 0
250 10 0 0 5 0 0 0 0 0
251 30 1 1 0 0 0 0 0 0
252 10 0 0 5 5 5 5 0 0
256 15 0 0 5 5 5 0 0 0
257 15 0 0 10 4 4 5 0 0
262 42 0 0 14 1 1 0 0 0
278 14 0 0 7 0 0 0 0 0
283 6 0 0 2 0 0 0 0 0
289 2 1 1 1 0 0 0 0 0
296 8 1 1 7 0 0 0 0 0
fn=_dl_sort_fini
32 13 1 1 0 0 0 10 0 0
34 2 0 0 0 0 0 0 0 0
39 4 0 0 0 0 0 1 0 0
40 6 1 1 0 0 0 1 0 0
41 3 0 0 1 0 0 1 0 0
45 24 0 0 8 0 0 8 0 0
46 24 0 0 8 0 0 0 0 0
50 40 0 0 16 0 0 0 0 0
56 24 1 1 9 0 0 1 0 0
57 53 0 0 0 0 0 0 0 0
59 68 1 1 34 2 2 0 0 0
60 39 0 0 0 0 0 0 0 0
62 111 0 0 37 4 4 0 0 0
63 81 0 0 0 0 0 0 0 0
68 22 1 1 0 0 0 12 0 0
70 2 0 0 0 0 0 2 0 0
72 16 0 0 12 0 0 0 0 0
80 12 2 2 6 0 0 0 0 0
87 18 0 0 4 0 0 8 0 0
88 4 0 0 2 0 0 2 0 0
90 6 1 1 4 0 0 0 0 0
93 45 1 1 15 0 0 0 0 0
114 15 0 0 0 0 0 0 0 0
118 31 0 0 6 0 0 0 0 0
121 68 1 1 28 0 0 15 0 0
125 10 0 0 7 0 0 2 0 0
fl=/build/eglibc-3GlaMS/eglibc-2.19/elf/dl-hwcaps.c
fn=_dl_important_hwcaps
39 12 1 1 0 0 0 10 2 2
41 1 0 0 1 0 0 0 0 0
42 4 0 0 0 0 0 1 0 0
51 3 1 1 1 0 0 0 0 0
61 4 1 1 1 0 0 1 0 0
92 2 1 1 0 0 0 0 0 0
113 1 1 1 0 0 0 0 0 0
115 5 0 0 0 0 0 1 0 0
130 6 0 0 0 0 0 0 0 0
131 2 0 0 0 0 0 0 0 0
133 2 0 0 0 0 0 0 0 0
145 2 1 1 0 0 0 0 0 0
162 2 1 1 0 0 0 0 0 0
170 2 1 1 1 0 0 0 0 0
172 4 0 0 1 0 0 1 0 0
173 4 1 1 1 0 0 1 0 0
177 3 0 0 0 0 0 1 0 0
178 1 0 0 0 0 0 1 0 0
181 2 0 0 0 0 0 0 0 0
184 2 0 0 0 0 0 0 0 0
188 12 1 1 2 0 0 3 0 0
189 2 0 0 0 0 0 0 0 0
207 12 2 2 1 0 0 6 0 0
208 5 0 0 0 0 0 1 0 0
209 4 0 0 2 0 0 0 0 0
238 3 0 0 0 0 0 2 0 0
241 2 0 0 0 0 0 0 0 0
243 5 2 2 2 0 0 2 0 0
244 7 0 0 2 0 0 4 0 0
269 19 2 2 3 0 0 0 0 0
270 8 0 0 0 0 0 4 0 0
274 12 0 0 0 0 0 0 0 0
277 28 0 0 0 0 0 0 0 0
278 24 1 1 0 0 0 0 0 0
279 12 0 0 8 0 0 0 0 0
281 4 0 0 0 0 0 0 0 0
284 3 0 0 1 0 0 0 0 0
285 1 0 0 0 0 0 0 0 0
286 12 2 2 3 0 0 0 0 0
299 6 0 0 2 0 0 2 0 0
300 2 0 0 0 0 0 0 0 0
302 4 0 0 0 0 0 0 0 0
305 3 0 0 2 0 0 1 0 0
307 1 0 0 0 0 0 0 0 0
308 8 0 0 7 0 0 0 0 0
fl=/build/eglibc-3GlaMS/eglibc-2.19/elf/dl-init.c
fn=_dl_init
36 47 2 2 8 2 0 7 0 0
86 11 2 2 0 0 0 6 0 0
87 1 0 0 1 1 0 0 0 0
88 1 0 0 1 0 0 0 0 0
91 3 0 0 1 0 0 0 0 0
94 2 0 0 0 0 0 1 0 0
98 4 0 0 1 0 0 0 0 0
125 24 0 0 0 0 0 0 0 0
126 21 0 0 14 3 0 0 0 0
132 8 0 0 7 1 0 0 0 0
fn=call_init.part.0
34 63 0 0 0 0 0 35 0 0
42 21 1 1 7 0 0 7 0 0
45 28 0 0 14 8 0 0 0 0
46 3 0 0 0 0 0 0 0 0
50 18 0 0 6 5 0 0 0 0
51 2 0 0 1 1 0 0 0 0
55 10 0 0 5 0 0 0 0 0
63 10 0 0 0 0 0 0 0 0
64 30 0 0 10 5 0 5 0 0
67 5 1 1 5 5 0 0 0 0
68 10 0 0 0 0 0 0 0 0
74 15 0 0 10 2 0 0 0 0
76 10 0 0 10 1 0 0 0 0
77 55 1 1 0 0 0 0 0 0
78 75 0 0 15 6 0 15 0 0
80 42 0 0 42 0 0 0 0 0
fl=/build/eglibc-3GlaMS/eglibc-2.19/elf/dl-load.c
fn=_dl_init_paths
714 9 1 1 0 0 0 6 0 0
727 6 1 1 2 0 0 2 0 0
731 1 0 0 0 0 0 1 0 0
732 3 0 0 0 0 0 1 0 0
733 2 0 0 0 0 0 0 0 0
740 5 1 1 0 0 0 0 0 0
741 5 0 0 1 0 0 2 0 0
744 1 0 0 0 0 0 1 0 0
745 2 0 0 0 0 0 1 0 0
747 3 0 0 1 0 0 0 0 0
753 1 0 0 0 0 0 1 0 0
754 1 0 0 0 0 0 1 0 0
762 13 0 0 0 0 0 3 1 1
764 8 1 1 0 0 0 4 0 0
765 7 1 1 0 0 0 4 3 3
767 8 0 0 0 0 0 4 0 0
768 14 0 0 3 1 1 4 1 1
769 33 0 0 4 0 0 13 0 0
772 9 1 1 3 1 1 0 0 0
776 27 1 1 15 0 0 5 0 0
782 1 1 1 0 0 0 1 1 1
783 1 0 0 0 0 0 1 0 0
787 1 1 1 1 0 0 0 0 0
788 2 0 0 0 0 0 0 0 0
790 4 0 0 1 0 0 0 0 0
792 3 0 0 1 0 0 0 0 0
809 1 0 0 0 0 0 1 0 0
811 3 1 1 1 0 0 0 0 0
825 2 1 1 0 0 0 1 0 0
830 4 2 2 1 0 0 0 0 0
838 5 0 0 0 0 0 1 0 0
840 11 1 1 0 0 0 2 0 0
856 2 0 0 0 0 0 0 0 0
857 46 1 1 15 0 0 0 0 0
859 14 0 0 0 0 0 0 0 0
860 42 0 0 0 0 0 0 0 0
861 14 0 0 0 0 0 0 0 0
864 1 0 0 0 0 0 1 0 0
865 1 0 0 0 0 0 1 0 0
866 2 0 0 0 0 0 0 0 0
872 8 0 0 1 0 0 2 0 0
876 3 1 1 2 0 0 0 0 0
882 1 0 0 0 0 0 1 0 0
886 8 0 0 7 0 0 0 0 0
fn=_dl_map_object
161 16 0 0 0 0 0 8 0 0
162 8 0 0 0 0 0 4 0 0
164 12 0 0 4 0 0 0 0 0
167 16 1 1 4 0 0 4 0 0
691 42 1 1 14 0 0 0 0 0
694 10 0 0 0 0 0 2 0 0
2317 100 2 2 0 0 0 80 2 2
2324 20 0 0 0 0 0 0 0 0
2325 20 0 0 10 1 1 0 0 0
2328 192 1 1 44 0 0 0 0 0
2333 117 0 0 39 0 0 0 0 0
2334 78 0 0 0 0 0 0 0 0
2336 200 0 0 0 0 0 39 1 1
2340 68 0 0 34 0 0 0 0 0
2341 102 1 1 34 0 0 0 0 0
2344 17 0 0 17 0 0 0 0 0
2345 34 0 0 34 0 0 0 0 0
2346 68 1 1 0 0 0 17 0 0
2362 10 1 1 5 0 0 0 0 0
2372 30 1 1 5 0 0 5 0 0
2396 5 0 0 0 0 0 5 1 1
2398 25 0 0 0 0 0 5 0 0
2402 16 1 1 0 0 0 8 0 0
2404 8 0 0 4 0 0 0 0 0
2411 16 1 1 4 0 0 0 0 0
2415 8 1 1 4 0 0 4 0 0
2416 12 0 0 0 0 0 4 0 0
2420 18 1 1 6 0 0 0 0 0
2421 9 0 0 1 0 0 0 0 0
2423 44 1 1 0 0 0 16 0 0
2435 16 1 1 12 0 0 0 0 0
2436 28 1 1 8 0 0 0 0 0
2437 4 1 1 0 0 0 0 0 0
2446 13 0 0 4 0 0 1 0 0
2447 72 1 1 8 0 0 16 0 0
2453 24 0 0 0 0 0 8 0 0
2454 6 1 1 0 0 0 0 0 0
2456 8 1 1 4 0 0 4 0 0
2462 16 0 0 0 0 0 4 0 0
2464 12 0 0 4 0 0 0 0 0
2468 12 0 0 0 0 0 8 0 0
2470 8 0 0 0 0 0 0 0 0
2474 12 1 1 4 0 0 0 0 0
2482 8 0 0 4 0 0 0 0 0
2504 36 1 1 8 0 0 4 0 0
2507 12 0 0 0 0 0 4 0 0
2509 4 0 0 0 0 0 4 0 0
2510 12 0 0 4 0 0 0 0 0
2530 8 1 1 4 0 0 0 0 0
2536 1 0 0 0 0 0 1 0 0
2538 6 0 0 0 0 0 1 0 0
2539 3 1 1 0 0 0 0 0 0
2540 1 0 0 0 0 0 0 0 0
2543 7 0 0 0 0 0 1 0 0
2546 2 0 0 0 0 0 0 0 0
2558 20 0 0 5 0 0 0 0 0
2560 10 1 1 0 0 0 0 0 0
2604 10 0 0 5 0 0 5 0 0
2605 60 1 1 10 0 0 20 0 0
2607 80 0 0 70 0 0 0 0 0
fn=_dl_map_object_from_fd
474 8 1 1 4 0 0 0 0 0
923 75 1 1 0 0 0 50 2 2
934 20 1 1 5 0 0 10 2 2
935 5 0 0 0 0 0 5 0 0
938 30 0 0 0 0 0 5 0 0
949 95 1 1 30 0 0 0 0 0
950 95 0 0 50 1 1 0 0 0
967 10 1 1 5 0 0 0 0 0
992 10 0 0 5 0 0 0 0 0
1002 10 1 1 5 0 0 0 0 0
1024 20 0 0 10 0 0 0 0 0
1056 10 0 0 0 0 0 0 0 0
1059 40 1 1 20 0 0 5 0 0
1060 10 0 0 0 0 0 0 0 0
1071 15 0 0 10 0 0 5 3 3
1072 15 0 0 10 0 0 5 0 0
1073 10 1 1 5 0 0 5 0 0
1075 25 0 0 0 0 0 0 0 0
1076 20 0 0 10 0 0 0 0 0
1077 5 0 0 0 0 0 0 0 0
1092 5 1 1 0 0 0 5 0 0
1101 60 1 1 10 0 0 15 0 0
1102 5 0 0 0 0 0 0 0 0
1103 5 0 0 0 0 0 0 0 0
1109 343 0 0 0 0 0 0 0 0
1110 329 2 2 41 0 0 0 0 0
1116 10 0 0 5 0 0 5 0 0
1117 15 0 0 5 0 0 5 0 0
1118 5 0 0 0 0 0 0 0 0
1121 4 0 0 2 0 0 2 0 0
1122 2 0 0 0 0 0 0 0 0
1127 50 2 2 20 0 0 0 0 0
1133 60 0 0 20 0 0 0 0 0
1134 10 0 0 0 0 0 0 0 0
1141 50 0 0 10 0 0 0 0 0
1142 40 0 0 0 0 0 10 4 4
1143 30 0 0 10 0 0 0 0 0
1144 20 0 0 0 0 0 10 2 2
1145 10 0 0 0 0 0 10 0 0
1146 20 1 1 10 0 0 10 1 1
1147 20 0 0 0 0 0 10 0 0
1151 20 0 0 0 0 0 0 0 0
1152 15 0 0 5 0 0 0 0 0
1157 70 1 1 10 0 0 10 1 1
1167 10 0 0 0 0 0 0 0 0
1170 6 0 0 2 0 0 0 0 0
1174 2 0 0 0 0 0 2 2 2
1175 4 1 1 2 0 0 2 0 0
1176 4 0 0 0 0 0 0 0 0
1177 2 0 0 0 0 0 0 0 0
1179 6 0 0 2 0 0 2 0 0
1180 4 0 0 2 0 0 2 1 1
1183 4 0 0 2 0 0 2 0 0
1187 8 0 0 2 0 0 0 0 0
1193 6 0 0 2 0 0 4 2 2
1194 2 0 0 0 0 0 0 0 0
1198 20 0 0 5 0 0 5 0 0
1206 25 0 0 0 0 0 0 0 0
1250 10 1 1 5 0 0 5 0 0
1251 20 0 0 0 0 0 0 0 0
1254 10 1 1 5 0 0 5 1 1
1255 15 0 0 10 0 0 5 0 0
1256 5 0 0 0 0 0 0 0 0
1259 15 0 0 0 0 0 0 0 0
1272 40 1 1 25 0 0 5 0 0
1274 10 0 0 5 0 0 0 0 0
1288 5 0 0 5 0 0 0 0 0
1293 35 1 1 20 0 0 10 2 2
1297 10 0 0 0 0 0 0 0 0
1304 15 0 0 5 0 0 5 0 0
1305 15 1 1 10 0 0 5 0 0
1307 10 0 0 0 0 0 0 0 0
1313 30 0 0 5 0 0 5 0 0
1314 5 1 1 5 0 0 0 0 0
1317 5 0 0 5 0 0 0 0 0
1319 5 0 0 5 0 0 0 0 0
1340 50 0 0 10 0 0 0 0 0
1342 20 1 1 10 0 0 0 0 0
1344 50 0 0 20 0 0 5 0 0
1352 30 0 0 10 0 0 0 0 0
1353 15 1 1 10 0 0 5 0 0
1355 20 0 0 10 1 1 0 0 0
1356 15 1 1 9 0 0 0 0 0
1357 18 0 0 6 0 0 0 0 0
1358 15 1 1 3 0 0 0 0 0
1360 12 0 0 0 0 0 3 0 0
1363 40 0 0 20 0 0 0 0 0
1369 10 0 0 5 0 0 0 0 0
1370 5 0 0 0 0 0 0 0 0
1371 25 0 0 5 0 0 0 0 0
1372 10 1 1 0 0 0 0 0 0
1379 10 0 0 0 0 0 0 0 0
1382 10 0 0 0 0 0 0 0 0
1393 35 0 0 0 0 0 15 0 0
1394 25 0 0 15 0 0 0 0 0
1399 10 0 0 0 0 0 0 0 0
1403 16 0 0 2 0 0 2 0 0
1406 4 0 0 0 0 0 0 0 0
1414 10 1 1 0 0 0 0 0 0
1418 20 1 1 10 0 0 0 0 0
1427 15 0 0 5 0 0 5 0 0
1433 10 0 0 0 0 0 0 0 0
1449 15 1 1 5 0 0 0 0 0
1468 10 0 0 5 0 0 5 0 0
1470 25 0 0 10 0 0 0 0 0
1525 15 0 0 5 3 3 0 0 0
1526 4 0 0 2 0 0 2 0 0
1529 20 1 1 5 0 0 5 0 0
1537 35 1 1 5 0 0 0 0 0
1540 20 1 1 10 0 0 5 0 0
1542 10 0 0 5 0 0 0 0 0
1558 10 0 0 0 0 0 5 0 0
1562 10 0 0 5 0 0 0 0 0
1563 10 0 0 5 0 0 0 0 0
1580 10 1 1 5 0 0 0 0 0
1581 1 0 0 0 0 0 1 0 0
1584 10 0 0 5 0 0 5 0 0
1585 10 0 0 5 0 0 5 0 0
1589 10 0 0 5 0 0 0 0 0
1599 15 1 1 5 0 0 5 0 0
1603 20 0 0 5 0 0 0 0 0
1623 40 0 0 35 0 0 0 0 0
fn=cache_rpath.part.5
686 18 1 1 0 0 0 12 0 0
697 8 1 1 2 0 0 0 0 0
700 2 1 1 0 0 0 2 0 0
708 16 0 0 14 0 0 0 0 0
fn=expand_dynamic_string_token
161 6 0 0 0 0 0 2 0 0
162 4 1 1 0 0 0 2 0 0
164 4 0 0 0 0 0 0 0 0
167 8 0 0 0 0 0 0 0 0
415 16 1 1 0 0 0 10 0 0
425 10 0 0 0 0 0 2 0 0
440 10 0 0 10 0 0 0 0 0
fn=fillin_rpath
486 17 1 1 0 0 0 12 0 0
488 1 0 0 0 0 0 0 0 0
491 7 1 1 0 0 0 2 0 0
495 5 0 0 1 0 0 1 0 0
497 3 0 0 0 0 0 1 0 0
501 2 0 0 0 0 0 0 0 0
508 8 2 2 1 0 0 0 0 0
513 2 0 0 0 0 0 1 0 0
516 5 0 0 1 0 0 0 0 0
523 18 1 1 5 0 0 1 0 0
524 8 0 0 4 0 0 0 0 0
542 4 2 2 1 0 0 1 0 0
545 2 0 0 0 0 0 1 0 0
546 4 1 1 2 0 0 1 0 0
547 4 0 0 0 0 0 2 0 0
548 4 1 1 2 0 0 0 0 0
552 1 0 0 0 0 0 1 1 1
553 1 0 0 0 0 0 0 0 0
554 5 0 0 0 0 0 3 0 0
555 1 0 0 0 0 0 1 0 0
557 3 0 0 2 0 0 0 0 0
563 4 1 1 1 0 0 0 0 0
564 14 0 0 0 0 0 0 0 0
565 10 1 1 0 0 0 2 0 0
567 2 0 0 1 0 0 1 0 0
568 2 0 0 1 0 0 0 0 0
573 2 1 1 0 0 0 1 0 0
575 2 1 1 1 0 0 1 0 0
576 1 0 0 0 0 0 1 0 0
579 3 0 0 0 0 0 1 0 0
581 4 1 1 2 0 0 1 0 0
585 1 0 0 0 0 0 1 0 0
588 9 0 0 7 0 0 0 0 0
fn=open_path
2168 56 2 2 0 0 0 48 0 0
2169 8 0 0 4 0 0 4 0 0
2172 4 0 0 0 0 0 4 0 0
2173 4 1 1 0 0 0 4 0 0
2175 8 0 0 0 0 0 0 0 0
2180 32 0 0 8 0 0 0 0 0
2183 4 0 0 4 0 0 0 0 0
2187 8 0 0 0 0 0 0 0 0
2192 8 0 0 4 0 0 0 0 0
2199 20 0 0 8 0 0 8 1 1
2200 76 1 1 7 0 0 0 0 0
2203 32 1 1 16 0 0 0 0 0
2207 91 1 1 42 0 0 14 0 0
2210 7 0 0 0 0 0 0 0 0
2213 14 0 0 7 0 0 0 0 0
2216 49 1 1 28 0 0 7 0 0
2218 21 0 0 7 0 0 0 0 0
2220 8 0 0 0 0 0 0 0 0
2225 8 1 1 4 0 0 0 0 0
2226 36 0 0 16 0 0 0 0 0
2232 32 1 1 8 0 0 8 0 0
2234 24 1 1 4 0 0 4 0 0
2235 2 0 0 1 0 0 0 0 0
2237 21 1 1 4 0 0 4 0 0
2244 20 0 0 0 0 0 0 0 0
2246 9 0 0 0 0 0 0 0 0
2254 8 0 0 0 0 0 4 0 0
2282 4 0 0 0 0 0 0 0 0
2285 20 0 0 4 0 0 0 0 0
2290 4 1 1 4 0 0 0 0 0
2292 16 0 0 12 0 0 0 0 0
2295 12 0 0 4 0 0 0 0 0
2309 35 1 1 28 0 0 0 0 0
fn=open_verify
1873 12 2 2 0 0 0 8 0 0
1909 3 0 0 1 0 0 0 0 0
1930 5 0 0 1 0 0 2 0 0
1931 2 0 0 0 0 0 0 0 0
1941 1 1 1 0 0 0 1 0 0
1942 2 0 0 0 0 0 1 0 0
1947 6 0 0 1 0 0 1 0 0
1949 2 0 0 0 0 0 0 0 0
1951 3 0 0 1 0 0 1 0 0
1953 2 0 0 0 0 0 0 0 0
1959 2 1 1 0 0 0 0 0 0
1975 11 0 0 0 0 0 1 0 0
1977 1 0 0 1 0 0 0 0 0
1979 4 1 1 0 0 0 1 0 0
2006 3 1 1 2 0 0 0 0 0
2050 2 0 0 1 0 0 0 0 0
2055 2 0 0 1 0 0 0 0 0
2058 4 0 0 1 0 0 0 0 0
2063 2 1 1 1 0 0 0 0 0
2070 5 0 0 1 0 0 0 0 0
2071 4 0 0 1 0 0 0 0 0
2072 1 0 0 0 0 0 0 0 0
2087 61 0 0 0 0 0 0 0 0
2089 19 1 1 9 6 6 0 0 0
2093 4 1 1 2 0 0 0 0 0
2094 2 0 0 0 0 0 0 0 0
2103 6 1 1 0 0 0 1 0 0
2106 1 0 0 0 0 0 0 0 0
2107 3 0 0 1 0 0 0 0 0
2108 3 0 0 1 0 0 0 0 0
2110 3 0 0 0 0 0 0 0 0
2154 8 0 0 7 0 0 0 0 0
fn=open_verify.constprop.6
1871 121 2 2 0 0 0 77 3 3
1909 33 0 0 11 0 0 0 0 0
1930 55 0 0 11 0 0 22 2 2
1931 22 0 0 0 0 0 0 0 0
1941 4 0 0 0 0 0 4 0 0
1942 8 0 0 0 0 0 4 0 0
1947 24 1 1 4 0 0 4 0 0
1949 8 0 0 0 0 0 0 0 0
1951 12 0 0 4 0 0 4 0 0
1953 8 0 0 0 0 0 0 0 0
1959 8 0 0 0 0 0 0 0 0
1975 44 1 1 0 0 0 4 0 0
1977 4 0 0 4 0 0 0 0 0
1979 16 0 0 0 0 0 4 0 0
2005 4 1 1 2 0 0 0 0 0
2050 8 1 1 4 0 0 0 0 0
2055 8 0 0 4 0 0 0 0 0
2058 16 0 0 4 0 0 0 0 0
2063 8 0 0 4 0 0 0 0 0
2070 28 1 1 4 0 0 0 0 0
2071 16 0 0 4 0 0 0 0 0
2072 4 0 0 0 0 0 0 0 0
2087 222 0 0 2 0 0 0 0 0
2089 74 1 1 35 0 0 0 0 0
2093 16 1 1 8 0 0 0 0 0
2094 8 0 0 0 0 0 0 0 0
2103 36 1 1 0 0 0 6 0 0
2106 4 0 0 0 0 0 0 0 0
2107 12 0 0 4 0 0 0 0 0
2108 12 0 0 4 0 0 0 0 0
2110 12 0 0 0 0 0 0 0 0
2115 2 0 0 0 0 0 0 0 0
2116 2 0 0 0 0 0 0 0 0
2119 4 0 0 0 0 0 0 0 0
2122 6 0 0 2 0 0 0 0 0
2123 10 0 0 2 0 0 0 0 0
2124 4 0 0 2 0 0 0 0 0
2125 6 0 0 2 0 0 0 0 0
2126 12 0 0 4 0 0 0 0 0
2131 7 1 1 0 0 0 0 0 0
2154 88 1 1 77 0 0 0 0 0
fl=/build/eglibc-3GlaMS/eglibc-2.19/elf/dl-lookup.c
fn=_dl_lookup_symbol_x
475 2986 0 0 0 0 0 0 0 0
476 243226 2 2 60060 1530 1284 1493 0 0
477 234268 0 0 0 0 0 0 0 0
714 20902 1 1 0 0 0 11944 5 0
716 2986 0 0 0 0 0 1493 0 0
717 2986 0 0 0 0 0 2986 0 0
720 1493 0 0 1493 4 1 0 0 0
724 5928 1 1 1471 0 0 0 0 0
728 2986 0 0 0 0 0 1493 0 0
729 2986 0 0 1493 0 0 0 0 0
731 2986 0 0 2986 11 3 0 0 0
735 12024 1 1 20 0 0 2986 0 0
737 19409 1 1 8958 0 0 10451 2 0
740 2986 0 0 0 0 0 0 0 0
743 20 0 0 0 0 0 0 0 0
766 2986 1 1 1493 0 0 0 0 0
768 140 1 1 40 0 0 0 0 0
784 20 0 0 0 0 0 20 0 0
785 40 1 1 0 0 0 0 0 0
788 1473 0 0 1473 0 0 0 0 0
789 10311 0 0 2946 0 0 0 0 0
815 1473 0 0 0 0 0 0 0 0
824 7365 0 0 1473 0 0 0 0 0
838 4419 1 1 1473 15 3 0 0 0
839 2 1 1 0 0 0 1 0 0
841 5892 0 0 2946 0 0 0 0 0
846 1473 0 0 0 0 0 1473 0 0
848 11944 0 0 10451 0 0 0 0 0
fn=_dl_setup_hash
859 21 1 1 7 0 0 0 0 0
863 7 0 0 7 0 0 0 0 0
867 14 0 0 7 7 7 7 1 1
868 7 0 0 7 0 0 0 0 0
869 7 0 0 7 1 1 0 0 0
871 21 1 1 0 0 0 0 0 0
872 7 0 0 0 0 0 7 0 0
873 21 0 0 7 0 0 7 0 0
875 7 0 0 0 0 0 7 0 0
876 14 0 0 0 0 0 0 0 0
878 7 0 0 0 0 0 7 0 0
879 7 0 0 0 0 0 0 0 0
880 28 1 1 0 0 0 7 0 0
881 7 0 0 7 0 0 0 0 0
fn=check_match.9458
131 10325 1 1 0 0 0 5900 4 0
132 2950 1 1 1475 44 13 0 0 0
134 5900 0 0 2950 175 133 0 0 0
136 4425 0 0 1475 0 0 0 0 0
146 4419 0 0 1473 0 0 1473 12 0
149 3264 0 0 1632 0 0 53 1 0
153 2946 0 0 2946 3 1 0 0 0
154 4419 1 1 1473 0 0 0 0 0
156 2942 0 0 0 0 0 0 0 0
175 2942 0 0 2942 37 11 0 0 0
176 11768 1 1 4413 20 4 0 0 0
177 7355 1 1 2942 8 1 1471 1 0
204 4 2 2 0 0 0 0 0 0
206 12 0 0 4 2 1 0 0 0
207 8 0 0 2 0 0 0 0 0
215 2 0 0 0 0 0 0 0 0
222 10323 0 0 7375 0 0 0 0 0
fn=do_lookup_x
77 11944 1 1 4479 0 0 7465 2 0
82 17916 2 2 2986 0 0 10451 8 0
83 1493 0 0 1493 3 1 0 0 0
89 1493 0 0 1493 0 0 0 0 0
95 4697 0 0 0 0 0 4697 0 0
96 4697 0 0 0 0 0 4697 0 0
98 14091 1 1 9394 34 7 4697 0 0
101 9394 0 0 0 0 0 0 0 0
105 9406 0 0 4703 0 0 0 0 0
109 9390 0 0 4695 29 6 0 0 0
113 9390 0 0 4695 3 1 0 0 0
119 14085 1 1 4695 19 3 0 0 0
123 9390 0 0 9390 59 10 0 0 0
124 14085 0 0 9390 6 1 4695 0 0
225 4695 0 0 4695 0 0 0 0 0
226 9390 0 0 0 0 0 0 0 0
228 4695 0 0 4695 665 116 0 0 0
229 2986 0 0 0 0 0 0 0 0
230 9390 0 0 4695 0 0 0 0 0
232 5972 0 0 0 0 0 0 0 0
233 18780 1 1 4695 0 0 0 0 0
236 18780 0 0 0 0 0 0 0 0
237 14085 0 0 0 0 0 0 0 0
239 3074 0 0 3074 879 180 0 0 0
240 6148 1 1 0 0 0 0 0 0
241 3074 0 0 0 0 0 0 0 0
243 4599 0 0 1533 0 0 0 0 0
246 15505 1 1 3101 1149 327 0 0 0
248 11800 1 1 2950 0 0 2950 0 0
249 11800 0 0 0 0 0 7375 0 0
250 7383 0 0 4431 0 0 0 0 0
253 4884 0 0 0 0 0 0 0 0
257 3222 0 0 0 0 0 3222 0 0
281 6444 0 0 3222 0 0 0 0 0
286 7916 0 0 1473 0 0 0 0 0
290 5672 1 1 942 2 0 1423 0 0
303 2946 0 0 1473 0 0 1473 0 0
304 2946 0 0 1473 0 0 1473 0 0
305 1473 1 1 0 0 0 0 0 0
316 650 1 1 50 0 0 0 0 0
317 720 1 1 50 0 0 0 0 0
318 1221 1 1 204 58 57 0 0 0
320 168 0 0 0 0 0 0 0 0
321 168 0 0 0 0 0 0 0 0
322 106 0 0 0 0 0 0 0 0
325 120 0 0 0 0 0 120 0 0
326 120 1 1 0 0 0 120 0 0
327 170 0 0 50 0 0 120 0 0
328 212 0 0 0 0 0 120 0 0
331 350 1 1 50 0 0 50 0 0
332 50 0 0 50 0 0 0 0 0
334 100 0 0 50 2 0 50 0 0
336 100 0 0 50 0 0 50 0 0
337 50 0 0 50 0 0 0 0 0
338 100 0 0 0 0 0 0 0 0
340 196 1 1 0 0 0 0 0 0
341 637 0 0 0 0 0 49 0 0
344 975 1 1 345 46 27 0 0 0
345 98 0 0 49 0 0 49 0 0
364 326 0 0 0 0 0 0 0 0
368 258 0 0 0 0 0 0 0 0
369 138 0 0 0 0 0 0 0 0
372 441 1 1 98 0 0 49 0 0
377 6 0 0 2 2 0 0 0 0
379 8 0 0 0 0 0 2 0 0
380 8 1 1 0 0 0 2 0 0
382 6 0 0 0 0 0 0 0 0
389 204 1 1 2 0 0 2 0 0
390 276 0 0 92 18 2 0 0 0
391 210 0 0 210 0 0 0 0 0
395 6 0 0 6 2 0 2 0 0
396 2 0 0 0 0 0 2 0 0
398 2 0 0 0 0 0 2 0 0
399 6 0 0 2 2 0 4 0 0
406 3 1 1 1 1 0 0 0 0
415 2 0 0 0 0 0 0 0 0
424 1 0 0 0 0 0 0 0 0
425 5 0 0 0 0 0 2 0 0
426 2 1 1 0 0 0 0 0 0
429 2 0 0 1 0 0 1 0 0
430 2 0 0 0 0 0 1 0 0
431 4 0 0 1 1 0 2 1 0
434 100 0 0 50 0 0 0 0 0
435 150 1 1 150 0 0 0 0 0
439 50 0 0 50 0 0 0 0 0
442 200 0 0 50 0 0 0 0 0
447 100 1 1 100 0 0 0 0 0
449 150 0 0 100 0 0 50 0 0
451 50 0 0 0 0 0 0 0 0
461 18894 1 1 6298 4 1 0 0 0
462 1441 0 0 524 0 0 524 2 0
465 9672 1 1 0 0 0 0 0 0
468 40 0 0 0 0 0 0 0 0
469 11994 0 0 10451 0 0 50 0 0
fl=/build/eglibc-3GlaMS/eglibc-2.19/elf/dl-minimal.c
fn=__libc_memalign
51 160 1 1 0 0 0 80 2 2
52 198 0 0 79 3 0 0 0 0
57 3 0 0 0 0 0 1 0 0
58 3 1 1 1 0 0 0 0 0
59 1 0 0 0 0 0 0 0 0
63 120 1 1 0 0 0 40 0 0
64 40 0 0 0 0 0 0 0 0
66 260 0 0 0 0 0 0 0 0
70 20 0 0 5 0 0 0 0 0
71 15 1 1 0 0 0 0 0 0
77 35 0 0 0 0 0 5 0 0
79 25 0 0 10 0 0 0 0 0
83 15 0 0 0 0 0 5 0 0
86 40 0 0 0 0 0 40 0 0
87 40 0 0 0 0 0 40 0 0
89 305 0 0 120 0 0 0 0 0
fn=calloc
102 17 1 1 0 0 0 0 0 0
106 17 0 0 0 0 0 0 0 0
109 85 0 0 0 0 0 0 0 0
113 17 0 0 0 0 0 0 0 0
fn=free
119 6 0 0 0 0 0 3 0 0
121 6 2 1 3 0 0 0 0 0
128 6 0 0 6 0 0 0 0 0
fn=malloc
93 39 1 1 0 0 0 0 0 0
94 78 0 0 0 0 0 0 0 0
fn=strsep
338 8 1 1 4 0 0 0 0 0
340 4 0 0 4 0 0 0 0 0
341 8 0 0 0 0 0 0 0 0
345 317 1 1 63 0 0 0 0 0
350 244 0 0 122 0 0 0 0 0
352 366 0 0 122 0 0 0 0 0
360 61 0 0 0 0 0 0 0 0
363 2 0 0 0 0 0 2 0 0
367 4 0 0 4 0 0 0 0 0
fl=/build/eglibc-3GlaMS/eglibc-2.19/elf/dl-misc.c
fn=_dl_higher_prime_number
344 2 0 0 0 0 0 0 0 0
345 4 0 0 0 0 0 0 0 0
347 20 0 0 0 0 0 0 0 0
349 74 1 1 0 0 0 0 0 0
350 37 0 0 10 2 1 0 0 0
351 3 0 0 0 0 0 0 0 0
365 2 0 0 2 0 0 0 0 0
366 2 0 0 2 0 0 0 0 0
fn=_dl_name_match_p
288 1065 1 1 0 0 0 426 0 0
289 852 0 0 213 4 1 213 1 0
290 227 0 0 0 0 0 0 0 0
292 213 0 0 213 0 0 0 0 0
294 850 0 0 0 0 0 0 0 0
295 1130 1 1 226 18 4 226 0 0
298 212 0 0 212 0 0 0 0 0
300 199 0 0 0 0 0 0 0 0
301 1065 0 0 639 0 0 0 0 0
fn=_dl_sysdep_read_whole_file
45 7 2 2 0 0 0 4 0 0
46 1 0 0 0 0 0 0 0 0
52 4 0 0 0 0 0 1 0 0
53 2 0 0 0 0 0 0 0 0
55 6 0 0 0 0 0 1 0 0
57 2 0 0 1 0 0 1 1 1
60 2 0 0 0 0 0 0 0 0
62 8 1 1 0 0 0 1 0 0
73 2 0 0 0 0 0 1 0 0
76 7 0 0 5 0 0 0 0 0
fl=/build/eglibc-3GlaMS/eglibc-2.19/elf/dl-object.c
fn=_dl_add_to_namespace_list
32 30 1 1 0 0 0 12 0 0
34 12 0 0 6 0 0 6 0 0
36 43 1 1 6 0 0 0 0 0
39 60 0 0 20 0 0 0 0 0
40 15 0 0 0 0 0 0 0 0
41 5 0 0 0 0 0 5 0 0
43 5 0 0 0 0 0 5 0 0
46 2 0 0 0 0 0 1 0 0
47 18 0 0 6 0 0 0 0 0
48 12 0 0 6 0 0 6 0 0
49 12 0 0 0 0 0 6 0 0
51 18 0 0 6 0 0 0 0 0
52 18 0 0 12 0 0 0 0 0
fn=_dl_new_object
61 84 2 2 0 0 0 60 1 1
62 30 0 0 0 0 0 6 1 1
68 72 1 1 12 0 0 0 0 0
75 30 0 0 0 0 0 12 0 0
78 12 0 0 0 0 0 0 0 0
81 6 0 0 0 0 0 6 6 6
82 12 0 0 0 0 0 6 6 6
86 12 0 0 0 0 0 6 1 1
87 30 1 1 12 0 0 12 3 3
89 6 0 0 0 0 0 6 0 0
97 30 0 0 12 0 0 6 0 0
98 36 1 1 12 6 6 6 0 0
101 12 0 0 6 0 0 0 0 0
102 13 1 1 0 0 0 6 6 6
103 6 0 0 0 0 0 6 0 0
107 6 0 0 0 0 0 6 0 0
110 49 1 1 0 0 0 0 0 0
112 32 0 0 0 0 0 16 5 5
122 12 0 0 0 0 0 6 1 1
123 6 0 0 0 0 0 6 6 6
126 6 0 0 0 0 0 0 0 0
128 36 1 1 6 0 0 0 0 0
130 15 0 0 0 0 0 5 2 2
133 13 0 0 0 0 0 0 0 0
137 21 0 0 7 0 0 0 0 0
138 2 0 0 0 0 0 0 0 0
141 33 0 0 5 0 0 0 0 0
143 1 1 1 0 0 0 0 0 0
149 1 0 0 0 0 0 1 1 1
152 12 0 0 0 0 0 6 2 2
155 30 0 0 12 0 0 0 0 0
157 25 0 0 5 0 0 10 0 0
161 25 1 1 0 0 0 0 0 0
165 15 2 2 0 0 0 5 0 0
166 20 0 0 0 0 0 0 0 0
211 20 0 0 10 0 0 5 0 0
216 163 0 0 0 0 0 0 0 0
217 178 0 0 84 0 0 0 0 0
222 10 0 0 0 0 0 5 0 0
225 10 1 1 0 0 0 5 0 0
229 48 1 1 42 0 0 0 0 0
fl=/build/eglibc-3GlaMS/eglibc-2.19/elf/dl-open.c
fn=_dl_find_dso_for_object
182 5 1 1 1 0 0 0 0 0
183 13 2 2 4 0 0 0 0 0
184 16 0 0 8 0 0 0 0 0
185 2 0 0 1 0 0 0 0 0
188 2 1 1 1 0 0 0 0 0
192 1 0 0 1 0 0 0 0 0
fl=/build/eglibc-3GlaMS/eglibc-2.19/elf/dl-profstub.c
fn=_dl_mcount_wrapper_check
38 384 2 2 256 0 0 0 0 0
39 128 0 0 128 0 0 0 0 0
fl=/build/eglibc-3GlaMS/eglibc-2.19/elf/dl-reloc.c
fn=_dl_relocate_object
154 84 1 1 0 0 0 56 0 0
161 7 0 0 0 0 0 7 0 0
164 14 0 0 0 0 0 0 0 0
165 35 1 1 0 0 0 21 0 0
169 14 0 0 0 0 0 0 0 0
170 28 1 1 14 2 0 0 0 0
176 14 0 0 7 0 0 0 0 0
182 21 0 0 7 0 0 0 0 0
183 14 1 1 7 6 0 0 0 0
186 14 1 1 7 0 0 0 0 0
193 14 0 0 7 1 0 0 0 0
238 21 0 0 14 3 0 7 0 0
264 414 3 3 146 21 1 95 0 0
267 21 1 1 7 0 0 0 0 0
295 7 0 0 7 0 0 0 0 0
298 14 0 0 7 0 0 0 0 0
315 21 0 0 7 3 0 0 0 0
317 56 0 0 49 2 0 0 0 0
323 28 1 1 14 1 0 0 0 0
324 14 0 0 7 0 0 0 0 0
325 14 0 0 0 0 0 0 0 0
328 14 0 0 0 0 0 0 0 0
329 35 1 1 0 0 0 7 0 0
fl=/build/eglibc-3GlaMS/eglibc-2.19/elf/dl-tls.c
fn=__tls_get_addr
770 1 1 1 1 0 0 0 0 0
772 3 0 0 2 2 2 0 0 0
775 3 0 0 2 1 1 0 0 0
777 2 0 0 0 0 0 0 0 0
780 1 0 0 1 0 0 0 0 0
781 1 0 0 1 0 0 0 0 0
fn=_dl_add_to_slotinfo
831 8 1 1 0 0 0 6 0 0
837 4 1 1 2 0 0 0 0 0
840 2 0 0 2 2 0 0 0 0
845 10 0 0 2 2 0 0 0 0
886 2 0 0 0 0 0 2 0 0
887 6 1 1 2 2 0 2 0 0
888 8 0 0 8 0 0 0 0 0
fn=_dl_allocate_tls_init
376 8 1 1 0 0 0 7 0 0
377 2 0 0 0 0 0 0 0 0
381 3 0 0 2 1 0 1 0 0
383 1 0 0 0 0 0 0 0 0
384 1 0 0 0 0 0 0 0 0
389 3 0 0 1 0 0 1 0 0
394 17 1 1 2 0 0 0 0 0
400 11 0 0 0 0 0 0 0 0
403 2 1 1 2 0 0 0 0 0
404 4 0 0 0 0 0 0 0 0
410 6 0 0 2 0 0 0 0 0
412 4 0 0 0 0 0 0 0 0
413 4 0 0 2 1 0 0 0 0
422 4 1 1 2 0 0 0 0 0
423 8 0 0 4 2 0 0 0 0
425 4 0 0 0 0 0 0 0 0
426 4 1 1 2 0 0 0 0 0
434 8 0 0 2 0 0 2 1 0
435 2 0 0 0 0 0 2 0 0
436 22 0 0 8 0 0 4 0 0
450 2 1 1 1 0 0 1 0 0
452 1 0 0 1 0 0 0 0 0
453 8 1 1 7 0 0 0 0 0
fn=_dl_allocate_tls_storage
295 2 0 0 1 0 0 0 0 0
296 3 1 1 0 0 0 1 0 0
297 2 0 0 0 0 0 0 0 0
300 1 0 0 0 0 0 1 1 1
306 2 0 0 0 0 0 1 0 0
328 3 1 1 0 0 0 3 0 0
330 1 0 0 1 0 0 0 0 0
341 4 0 0 1 0 0 1 0 0
342 2 0 0 0 0 0 0 0 0
349 1 0 0 0 0 0 0 0 0
353 306 1 1 0 0 0 288 36 36
370 5 0 0 4 0 0 0 0 0
fn=_dl_determine_tlsoffset
112 7 1 1 0 0 0 6 0 0
113 2 1 1 0 0 0 0 0 0
114 1 0 0 0 0 0 0 0 0
115 1 0 0 0 0 0 0 0 0
118 3 1 1 1 0 0 0 0 0
121 2 0 0 1 0 0 0 0 0
123 1 0 0 0 0 0 0 0 0
155 1 0 0 0 0 0 0 0 0
157 16 0 0 3 0 0 0 0 0
159 5 0 0 1 0 0 0 0 0
161 6 0 0 2 0 0 0 0 0
162 4 1 1 2 0 0 0 0 0
164 4 0 0 0 0 0 0 0 0
166 10 0 0 2 0 0 0 0 0
168 4 1 1 0 0 0 0 0 0
182 16 1 1 0 0 0 0 0 0
184 6 0 0 0 0 0 0 0 0
185 2 0 0 0 0 0 0 0 0
194 2 0 0 0 0 0 2 0 0
197 4 0 0 0 0 0 1 0 0
198 1 0 0 0 0 0 1 0 0
249 1 0 0 0 0 0 1 0 0
250 8 0 0 7 0 0 0 0 0
fn=_dl_next_tls_modid
50 2 1 1 0 0 0 0 0 0
53 6 0 0 4 0 0 0 0 0
101 4 0 0 0 0 0 2 0 0
105 4 0 0 2 0 0 0 0 0
fl=/build/eglibc-3GlaMS/eglibc-2.19/elf/dl-version.c
fn=_dl_check_all_versions
380 6 1 1 0 0 0 4 0 0
382 2 0 0 0 0 0 0 0 0
384 25 1 1 7 0 0 0 0 0
385 7 1 1 0 0 0 0 0 0
386 70 0 0 7 0 0 7 0 0
389 7 0 0 5 0 0 0 0 0
fn=_dl_check_map_versions
56 131 0 0 18 0 0 0 0 0
57 34 0 0 34 0 0 0 0 0
58 224 1 1 0 0 0 43 0 0
174 77 1 1 0 0 0 56 0 0
175 2 0 0 0 0 0 0 0 0
183 2 1 1 0 0 0 0 0 0
189 21 0 0 7 0 0 0 0 0
191 14 0 0 7 1 0 7 0 0
193 14 0 0 7 0 0 7 0 0
194 14 1 1 7 0 0 7 0 0
196 14 0 0 0 0 0 0 0 0
199 20 0 0 15 0 0 5 0 0
203 30 0 0 10 5 5 0 0 0
220 27 1 1 27 2 2 0 0 0
228 27 0 0 9 0 0 0 0 0
233 63 0 0 18 0 0 0 0 0
237 325 2 2 193 7 6 42 0 0
244 84 0 0 21 0 0 0 0 0
247 72 0 0 21 0 0 0 0 0
252 12 0 0 0 0 0 0 0 0
256 36 0 0 18 0 0 0 0 0
261 4 0 0 4 0 0 0 0 0
262 4 0 0 0 0 0 0 0 0
270 21 1 1 7 0 0 0 0 0
273 15 0 0 10 0 0 0 0 0
276 328 0 0 82 13 13 0 0 0
279 246 0 0 82 8 8 0 0 0
283 77 0 0 0 0 0 0 0 0
287 14 0 0 0 0 0 0 0 0
292 6 0 0 0 0 0 6 1 0
293 24 0 0 0 0 0 6 0 0
294 12 0 0 0 0 0 0 0 0
302 6 1 1 0 0 0 6 0 0
305 18 0 0 12 0 0 6 1 0
307 18 0 0 6 0 0 0 0 0
310 20 0 0 15 0 0 0 0 0
314 27 0 0 9 0 0 0 0 0
317 63 0 0 21 0 0 0 0 0
319 63 1 1 0 0 0 0 0 0
321 105 0 0 21 0 0 21 0 0
322 63 0 0 0 0 0 21 8 8
323 63 0 0 21 0 0 21 3 3
324 63 0 0 21 0 0 21 2 2
327 63 0 0 21 0 0 0 0 0
332 12 0 0 0 0 0 0 0 0
335 27 1 1 9 0 0 0 0 0
340 4 0 0 0 0 0 0 0 0
341 4 0 0 0 0 0 0 0 0
345 18 0 0 6 0 0 0 0 0
348 20 0 0 15 0 0 0 0 0
352 82 0 0 82 0 0 0 0 0
354 164 0 0 82 0 0 0 0 0
358 77 0 0 77 0 0 0 0 0
359 385 0 0 77 0 0 77 21 21
360 231 0 0 77 0 0 77 0 0
361 77 0 0 0 0 0 77 7 7
364 246 0 0 82 0 0 0 0 0
368 77 0 0 0 0 0 0 0 0
373 13 1 1 0 0 0 0 0 0
374 56 1 1 49 0 0 0 0 0
fn=match_symbol
76 273 1 1 0 0 0 168 0 0
77 42 0 0 42 0 0 0 0 0
85 42 1 1 21 0 0 0 0 0
91 63 0 0 21 0 0 0 0 0
106 21 0 0 21 1 0 0 0 0
107 42 0 0 0 0 0 0 0 0
109 21 0 0 21 0 0 0 0 0
114 326 0 0 163 15 14 0 0 0
128 326 1 1 163 5 5 0 0 0
130 21 1 1 21 0 0 0 0 0
133 126 0 0 21 0 0 21 0 0
140 426 0 0 142 5 5 0 0 0
144 142 0 0 0 0 0 0 0 0
168 168 0 0 147 0 0 0 0 0
fl=/build/eglibc-3GlaMS/eglibc-2.19/elf/do-rel.h
fn=_dl_relocate_object
47 28 0 0 14 0 0 0 0 0
48 14 0 0 14 2 0 0 0 0
50 6 0 0 0 0 0 0 0 0
51 6 0 0 0 0 0 6 1 0
58 42 0 0 14 2 0 0 0 0
61 2499 1 1 0 0 0 0 0 0
63 2475 1 1 825 309 309 0 0 0
65 61 0 0 0 0 0 0 0 0
74 12 0 0 0 0 0 0 0 0
75 83 1 1 16 0 0 0 0 0
76 38 0 0 19 0 0 0 0 0
83 16 0 0 8 0 0 8 0 0
84 8 1 1 8 0 0 0 0 0
86 16 0 0 0 0 0 0 0 0
98 24 1 1 0 0 0 0 0 0
108 15 1 1 1 1 1 0 0 0
111 5126 0 0 0 0 0 0 0 0
112 3406 0 0 1703 0 0 0 0 0
118 24 0 0 8 7 0 0 0 0
121 14 0 0 7 3 0 7 1 0
124 7298 0 0 2426 0 0 0 0 0
127 9680 0 0 2420 609 605 0 0 0
136 7260 0 0 4840 778 176 0 0 0
137 12424 0 0 2420 0 0 2420 1 0
138 3792 0 0 2420 2 0 0 0 0
139 4840 1 1 2420 0 0 0 0 0
143 12 0 0 0 0 0 0 0 0
160 23 2 2 5 0 0 4 0 0
162 20 1 1 5 2 2 0 0 0
170 25 0 0 5 0 0 5 0 0
171 10 0 0 10 0 0 0 0 0
174 5 0 0 2 0 0 0 0 0
fn=_dl_start
83 1 0 0 1 0 0 0 0 0
84 1 0 0 1 0 0 0 0 0
111 33 0 0 0 0 0 0 0 0
112 20 0 0 10 3 3 0 0 0
116 2 1 1 1 0 0 0 0 0
124 31 0 0 0 0 0 0 0 0
137 45 1 1 9 2 2 0 0 0
139 18 0 0 9 0 0 0 0 0
fl=/build/eglibc-3GlaMS/eglibc-2.19/elf/get-dynamic-info.h
fn=_dl_map_object_from_fd
38 10 0 0 0 0 0 0 0 0
42 5 0 0 0 0 0 0 0 0
44 399 0 0 133 36 36 0 0 0
46 256 0 0 0 0 0 0 0 0
51 129 1 1 0 0 0 0 0 0
52 211 0 0 0 0 0 123 30 30
53 20 0 0 0 0 0 0 0 0
55 5 0 0 0 0 0 0 0 0
56 25 1 1 0 0 0 0 0 0
58 5 0 0 0 0 0 0 0 0
59 25 1 1 0 0 0 0 0 0
60 5 0 0 0 0 0 0 0 0
61 20 0 0 0 0 0 5 1 1
62 128 0 0 0 0 0 0 0 0
69 10 0 0 0 0 0 0 0 0
89 17 0 0 7 0 0 0 0 0
90 20 1 1 10 0 0 0 0 0
91 20 0 0 10 0 0 0 0 0
92 20 0 0 10 0 0 0 0 0
94 20 0 0 10 0 0 0 0 0
99 20 1 1 10 0 0 0 0 0
100 19 0 0 9 1 1 0 0 0
101 20 0 0 10 0 0 0 0 0
107 15 0 0 5 0 0 0 0 0
112 10 1 1 5 0 0 0 0 0
119 10 0 0 5 0 0 0 0 0
120 15 0 0 10 0 0 0 0 0
136 15 0 0 5 0 0 0 0 0
141 4 0 0 2 0 0 2 0 0
143 4 0 0 0 0 0 0 0 0
145 4 0 0 0 0 0 0 0 0
147 4 0 0 0 0 0 0 0 0
150 15 1 1 5 0 0 0 0 0
152 2 0 0 1 0 0 1 0 0
160 2 0 0 1 0 0 0 0 0
161 2 1 1 0 0 0 0 0 0
165 2 0 0 0 0 0 0 0 0
168 10 0 0 5 0 0 0 0 0
fn=_dl_start
44 57 1 1 19 6 6 0 0 0
46 36 0 0 0 0 0 0 0 0
47 26 0 0 0 0 0 13 3 3
51 21 0 0 0 0 0 0 0 0
52 18 2 2 0 0 0 4 2 2
53 4 1 1 0 0 0 0 0 0
55 1 0 0 0 0 0 0 0 0
56 5 1 1 0 0 0 0 0 0
58 2 0 0 0 0 0 0 0 0
59 5 1 1 0 0 0 0 0 0
60 1 0 0 0 0 0 0 0 0
61 5 0 0 0 0 0 1 1 1
62 18 0 0 0 0 0 0 0 0
69 2 0 0 0 0 0 0 0 0
89 4 0 0 2 0 0 0 0 0
90 4 0 0 2 0 0 0 0 0
91 4 1 1 2 0 0 0 0 0
92 4 0 0 2 0 0 0 0 0
94 4 0 0 2 0 0 0 0 0
99 4 0 0 2 0 0 0 0 0
100 4 1 1 2 0 0 0 0 0
101 4 0 0 2 0 0 0 0 0
107 3 0 0 1 0 0 0 0 0
112 2 0 0 1 0 0 0 0 0
119 3 0 0 1 0 0 0 0 0
120 3 1 1 2 0 0 0 0 0
128 3 0 0 1 0 0 0 0 0
130 3 0 0 1 1 1 0 0 0
133 2 1 1 1 0 0 0 0 0
134 2 0 0 1 0 0 0 0 0
fn=dl_main
29 1 0 0 1 0 0 0 0 0
38 2 0 0 0 0 0 0 0 0
42 1 0 0 0 0 0 0 0 0
44 75 0 0 25 7 7 0 0 0
46 48 1 1 0 0 0 0 0 0
51 17 1 1 0 0 0 0 0 0
52 34 0 0 0 0 0 23 5 5
53 4 0 0 0 0 0 0 0 0
55 1 0 0 0 0 0 0 0 0
56 5 1 1 0 0 0 0 0 0
58 1 0 0 0 0 0 0 0 0
59 5 0 0 0 0 0 0 0 0
60 1 0 0 0 0 0 0 0 0
61 4 1 1 0 0 0 1 0 0
62 24 0 0 0 0 0 0 0 0
69 3 1 1 1 0 0 0 0 0
107 3 2 2 1 0 0 0 0 0
112 2 0 0 1 0 0 0 0 0
119 2 0 0 1 0 0 0 0 0
120 3 0 0 2 0 0 0 0 0
136 3 0 0 1 0 0 0 0 0
150 3 1 1 1 0 0 0 0 0
168 2 1 1 1 0 0 0 0 0
fl=/build/eglibc-3GlaMS/eglibc-2.19/elf/rtld.c
fn=_dl_initial_error_catch_tsd
798 22 0 0 11 0 0 0 0 0
fn=_dl_start
285 75 4 4 8 1 1 8 2 2
297 2 0 0 0 0 0 1 0 0
298 2 0 0 0 0 0 1 0 0
299 2 0 0 0 0 0 1 0 0
300 2 1 1 0 0 0 1 1 1
301 2 0 0 0 0 0 1 0 0
322 5 0 0 0 0 0 1 0 0
326 1 0 0 0 0 0 1 0 0
332 4 1 0 0 0 0 1 0 0
341 4 1 0 0 0 0 0 0 0
344 2 0 0 1 1 0 1 1 0
348 2 0 0 1 0 0 0 0 0
362 9 2 2 0 0 0 6 0 0
380 5 0 0 0 0 0 1 1 1
406 1 0 0 0 0 0 1 1 1
409 1 0 0 0 0 0 1 1 1
537 2 0 0 0 0 0 0 0 0
542 34 3 3 9 0 0 0 0 0
544 1 0 0 1 1 1 0 0 0
569 9 0 0 7 1 0 0 0 0
fn=dl_main
891 12 1 1 0 0 0 8 1 1
897 1 0 0 0 0 0 0 0 0
899 2 0 0 0 0 0 0 0 0
900 1 0 0 0 0 0 0 0 0
906 1 0 0 0 0 0 1 0 0
910 2 0 0 0 0 0 1 0 0
913 2 0 0 0 0 0 1 1 1
917 2 0 0 0 0 0 1 1 1
918 2 0 0 0 0 0 1 0 0
923 2 1 1 0 0 0 1 0 0
933 4 2 2 2 0 0 0 0 0
1132 8 1 1 0 0 0 1 0 0
1134 2 0 0 0 0 0 0 0 0
1135 1 0 0 0 0 0 1 1 1
1136 2 1 1 1 0 0 1 0 0
1137 3 0 0 2 0 0 1 0 0
1141 3 0 0 0 0 0 1 0 0
1142 2 0 0 1 0 0 0 0 0
1163 1 0 0 0 0 0 1 0 0
1164 1 0 0 0 0 0 1 0 0
1166 1 0 0 0 0 0 1 0 0
1168 1 1 1 1 0 0 0 0 0
1171 36 1 1 3 0 0 0 0 0
1172 71 1 1 9 5 5 0 0 0
1176 3 1 1 1 0 0 1 0 0
1177 1 0 0 0 0 0 0 0 0
1181 3 1 1 2 0 0 1 0 0
1182 1 0 0 0 0 0 0 0 0
1190 1 0 0 0 0 0 1 1 1
1191 2 1 1 2 1 1 0 0 0
1193 2 1 1 0 0 0 1 0 0
1200 3 0 0 1 0 0 0 0 0
1218 1 0 0 0 0 0 0 0 0
1226 4 0 0 2 0 0 0 0 0
1227 10 2 2 3 1 1 0 0 0
1228 4 0 0 2 0 0 0 0 0
1229 1 0 0 0 0 0 1 0 0
1232 4 0 0 2 1 1 0 0 0
1233 4 0 0 2 0 0 0 0 0
1234 2 0 0 0 0 0 2 0 0
1235 6 0 0 3 0 0 0 0 0
1236 2 0 0 0 0 0 1 0 0
1263 2 1 1 1 0 0 1 1 1
1264 1 0 0 0 0 0 0 0 0
1267 2 0 0 1 0 0 1 0 0
1268 2 0 0 1 0 0 1 0 0
1269 1 0 0 0 0 0 0 0 0
1274 3 0 0 1 1 1 0 0 0
1277 2 0 0 0 0 0 0 0 0
1279 2 0 0 0 0 0 0 0 0
1281 2 1 1 1 0 0 0 0 0
1294 3 0 0 1 0 0 0 0 0
1295 11 1 1 6 0 0 2 0 0
1300 1 0 0 0 0 0 1 0 0
1302 1 0 0 0 0 0 1 1 1
1303 1 0 0 0 0 0 1 0 0
1305 2 0 0 1 0 0 0 0 0
1306 2 1 1 0 0 0 1 0 0
1310 2 0 0 1 0 0 0 0 0
1312 2 0 0 0 0 0 0 0 0
1317 2 0 0 0 0 0 1 0 0
1320 4 1 1 0 0 0 1 0 0
1336 3 2 2 0 0 0 1 0 0
1342 9 1 1 1 0 0 2 0 0
1347 2 1 1 1 0 0 1 0 0
1350 4 1 1 1 0 0 2 0 0
1352 1 0 0 0 0 0 1 0 0
1357 2 0 0 1 0 0 0 0 0
1360 3 0 0 2 0 0 1 0 0
1361 4 1 1 1 0 0 1 0 0
1362 2 0 0 0 0 0 1 0 0
1363 1 0 0 0 0 0 1 0 0
1364 1 0 0 1 0 0 0 0 0
1365 1 0 0 1 0 0 0 0 0
1370 2 0 0 1 0 0 0 0 0
1371 5 0 0 1 0 0 1 0 0
1375 1 1 1 1 0 0 0 0 0
1377 4 0 0 1 0 0 0 0 0
1378 2 0 0 0 0 0 1 0 0
1379 4 0 0 1 1 1 1 0 0
1384 2 0 0 0 0 0 0 0 0
1385 6 1 1 1 1 1 0 0 0
1387 2 0 0 1 0 0 1 1 1
1388 2 0 0 1 0 0 1 0 0
1393 2 0 0 1 1 1 0 0 0
1398 3 1 1 1 0 0 0 0 0
1579 3 0 0 1 0 0 0 0 0
1582 2 0 0 1 0 0 1 0 0
1586 3 0 0 1 0 0 0 0 0
1591 2 1 1 1 0 0 1 0 0
1592 1 0 0 0 0 0 1 0 0
1597 3 0 0 1 0 0 0 0 0
1612 3 0 0 2 0 0 0 0 0
1614 1 0 0 0 0 0 0 0 0
1616 3 1 1 1 0 0 0 0 0
1623 11 2 2 0 0 0 3 0 0
1626 6 0 0 0 0 0 0 0 0
1629 12 1 1 0 0 0 2 0 0
1630 2 0 0 1 0 0 0 0 0
1631 3 0 0 1 0 0 0 0 0
1633 6 0 0 0 0 0 1 0 0
1635 4 0 0 0 0 0 0 0 0
1636 2 0 0 1 0 0 0 0 0
1637 3 0 0 0 0 0 1 0 0
1647 5 0 0 0 0 0 1 0 0
1724 4 0 0 2 0 0 0 0 0
1728 8 2 2 0 0 0 0 0 0
1729 1 0 0 0 0 0 0 0 0
1732 2 0 0 0 0 0 1 0 0
1733 1 0 0 1 0 0 0 0 0
1734 2 0 0 0 0 0 0 0 0
1735 2 0 0 0 0 0 0 0 0
1741 5 1 1 0 0 0 0 0 0
1742 8 0 0 0 0 0 1 0 0
1743 4 0 0 0 0 0 0 0 0
1745 2 0 0 1 0 0 0 0 0
1748 19 1 1 2 0 0 0 0 0
1749 28 0 0 14 0 0 0 0 0
1752 3 0 0 2 0 0 1 0 0
1753 3 0 0 1 0 0 0 0 0
1754 1 0 0 0 0 0 1 0 0
1756 20 1 1 0 0 0 0 0 0
1757 13 0 0 6 0 0 0 0 0
1767 1 0 0 0 0 0 1 0 0
1769 2 1 1 1 0 0 1 0 0
1770 2 1 1 1 1 0 0 0 0
1772 3 0 0 0 0 0 1 0 0
1774 4 0 0 1 0 0 0 0 0
1776 3 0 0 1 1 0 0 0 0
1777 1 0 0 1 0 0 0 0 0
1788 3 1 1 0 0 0 0 0 0
1790 2 1 1 0 0 0 0 0 0
1791 2 0 0 0 0 0 1 0 0
1792 3 0 0 1 0 0 0 0 0
1794 2 0 0 1 0 0 0 0 0
1795 2 0 0 0 0 0 1 0 0
1803 4 0 0 0 0 0 1 0 0
1804 1 0 0 0 0 0 1 0 0
1805 5 1 1 0 0 0 1 0 0
1815 2 0 0 1 0 0 1 0 0
1816 2 0 0 1 0 0 0 0 0
1817 2 1 1 0 0 0 2 0 0
1819 2 0 0 1 0 0 0 0 0
1822 1 0 0 0 0 0 1 0 0
1824 2 0 0 1 0 0 0 0 0
2054 3 0 0 1 1 0 0 0 0
2110 2 2 2 0 0 0 1 0 0
2114 4 0 0 2 0 0 2 0 0
2118 2 0 0 1 0 0 1 0 0
2121 2 0 0 0 0 0 0 0 0
2129 2 0 0 0 0 0 0 0 0
2140 1 1 1 1 0 0 0 0 0
2175 3 1 1 1 0 0 0 0 0
2182 1 0 0 1 0 0 0 0 0
2184 11 1 1 1 0 0 1 0 0
2186 19 1 1 1 1 0 0 0 0
2188 21 0 0 14 3 0 0 0 0
2193 14 0 0 14 3 0 0 0 0
2195 16 1 1 0 0 0 0 0 0
2197 1 1 1 0 0 0 1 0 0
2198 1 0 0 1 0 0 0 0 0
2201 7 0 0 7 0 0 0 0 0
2203 21 0 0 0 0 0 0 0 0
2204 48 0 0 12 5 0 6 0 0
2208 25 0 0 9 2 0 0 0 0
2209 6 0 0 0 0 0 2 0 0
2211 4 0 0 0 0 0 0 0 0
2213 2 0 0 0 0 0 1 0 0
2219 2 0 0 1 0 0 0 0 0
2224 4 1 1 2 0 0 0 0 0
2225 1 0 0 1 0 0 0 0 0
2230 2 1 1 1 0 0 1 0 0
2234 2 0 0 1 0 0 0 0 0
2248 3 0 0 2 1 0 0 0 0
2250 4 2 2 1 0 0 0 0 0
2265 5 1 1 0 0 0 0 0 0
2267 1 0 0 1 0 0 0 0 0
2268 5 0 0 1 0 0 1 0 0
2269 4 0 0 0 0 0 0 0 0
2271 3 0 0 1 0 0 0 0 0
2279 1 0 0 0 0 0 1 0 0
2283 3 0 0 1 0 0 0 0 0
2303 3 0 0 0 0 0 1 0 0
2304 1 0 0 0 0 0 1 0 0
2305 1 0 0 0 0 0 1 0 0
2310 1 0 0 0 0 0 1 0 0
2315 8 0 0 7 1 0 0 0 0
2485 2 0 0 1 0 0 1 1 1
2487 1 0 0 0 0 0 0 0 0
2488 1 0 0 0 0 0 0 0 0
2492 13 2 2 1 0 0 4 1 1
2494 15 0 0 3 0 0 3 1 1
2498 105 1 1 21 0 0 0 0 0
2499 19 0 0 0 0 0 0 0 0
2501 4 0 0 0 0 0 0 0 0
2507 16 0 0 2 0 0 0 0 0
2530 6 1 1 0 0 0 1 0 0
2537 6 1 1 0 0 0 1 0 0
2539 3 1 1 0 0 0 1 0 0
2583 6 1 1 0 0 0 1 0 0
2585 3 1 1 0 0 0 1 0 0
2660 3 1 1 1 0 0 0 0 0
2693 3 0 0 1 0 0 0 0 0
fn=do_preload
804 6 0 0 0 0 0 3 0 0
806 1 0 0 0 0 0 1 0 0
810 1 0 0 0 0 0 1 0 0
811 1 1 1 0 0 0 1 0 0
812 1 0 0 0 0 0 1 0 0
814 1 0 0 1 0 0 0 0 0
816 6 0 0 0 0 0 1 0 0
817 3 0 0 1 0 0 0 0 0
825 3 1 1 1 0 0 0 0 0
831 5 0 0 4 0 0 0 0 0
fn=init_tls
717 1 0 0 0 0 0 1 0 0
719 2 0 0 1 0 0 1 0 0
723 2 0 0 1 0 0 0 0 0
724 1 1 1 0 0 0 0 0 0
729 2 0 0 0 0 0 1 0 0
732 1 0 0 0 0 0 1 0 0
733 4 0 0 0 0 0 1 0 0
738 1 0 0 0 0 0 0 0 0
740 1 0 0 0 0 0 1 1 1
744 2 1 1 1 1 1 0 0 0
745 1 0 0 0 0 0 0 0 0
746 17 1 1 1 0 0 0 0 0
747 14 0 0 7 0 0 0 0 0
748 14 0 0 7 3 0 0 0 0
752 6 0 0 0 0 0 2 0 0
754 2 0 0 0 0 0 0 0 0
756 3 0 0 0 0 0 0 0 0
759 1 1 1 0 0 0 1 0 0
766 2 0 0 0 0 0 1 0 0
767 2 0 0 0 0 0 0 0 0
773 2 1 1 1 0 0 1 0 0
781 7 0 0 0 0 0 2 0 0
785 1 1 1 0 0 0 1 0 0
787 1 0 0 0 0 0 0 0 0
788 2 0 0 2 0 0 0 0 0
fn=map_doit
625 2 1 1 0 0 0 1 0 0
627 8 1 1 3 0 0 2 0 0
629 2 0 0 2 0 0 0 0 0
fn=rtld_lock_default_lock_recursive
838 116 2 2 116 4 2 0 0 0
fn=rtld_lock_default_unlock_recursive
844 116 2 2 116 1 0 0 0 0
fn=security_init
851 2 0 0 0 0 0 1 0 0
853 1 0 0 1 0 0 0 0 0
855 1 0 0 0 0 0 1 0 0
861 2 0 0 1 0 0 0 0 0
863 1 0 0 1 0 0 0 0 0
866 1 1 1 0 0 0 1 0 0
868 1 0 0 0 0 0 1 0 0
874 1 0 0 0 0 0 1 0 0
875 3 0 0 2 0 0 0 0 0
fn=version_check_doit
657 2 1 1 0 0 0 1 0 0
659 6 0 0 2 0 0 1 0 0
663 2 0 0 2 0 0 0 0 0
fl=/build/eglibc-3GlaMS/eglibc-2.19/elf/setup-vdso.h
fn=dl_main
24 2 0 0 1 0 0 0 0 0
fl=/build/eglibc-3GlaMS/eglibc-2.19/iconv/gconv_simple.c
fn=__gconv_btwoc_ascii
52 512 1 1 0 0 0 0 0 0
55 128 0 0 128 0 0 0 0 0
fl=/build/eglibc-3GlaMS/eglibc-2.19/io/../sysdeps/unix/syscall-template.S
fn=__read_nocancel
81 10 0 0 2 0 0 0 0 0
fn=__write_nocancel
81 1510 0 0 302 0 0 0 0 0
fn=access
81 24 1 1 0 0 0 0 0 0
83 30 1 1 6 0 0 6 1 1
fn=close
81 24 1 1 0 0 0 0 0 0
82 6 0 0 6 0 0 0 0 0
fn=open
81 52 1 1 0 0 0 0 0 0
82 6 0 0 6 0 0 0 0 0
83 35 0 0 7 0 0 7 0 0
fn=read
81 24 1 1 2 0 0 0 0 0
82 5 0 0 5 0 0 0 0 0
fn=write
81 604 1 1 302 299 1 0 0 0
fl=/build/eglibc-3GlaMS/eglibc-2.19/io/../sysdeps/unix/sysv/linux/wordsize-64/fxstat.c
fn=_fxstat
33 6 0 0 0 0 0 0 0 0
34 12 1 1 0 0 0 0 0 0
35 36 0 0 0 0 0 0 0 0
39 6 0 0 6 0 0 0 0 0
fl=/build/eglibc-3GlaMS/eglibc-2.19/io/../sysdeps/unix/sysv/linux/wordsize-64/xstat.c
fn=_xstat
33 4 0 0 0 0 0 0 0 0
34 8 1 1 0 0 0 0 0 0
35 36 0 0 3 0 0 3 0 0
39 1 0 0 1 0 0 0 0 0
fl=/build/eglibc-3GlaMS/eglibc-2.19/libio/fileno.c
fn=fileno
36 1520 1 1 608 600 2 0 0 0
43 304 0 0 304 0 0 0 0 0
fl=/build/eglibc-3GlaMS/eglibc-2.19/libio/genops.c
fn=_IO_cleanup
950 13 2 2 4 0 0 0 0 0
952 9 0 0 3 0 0 0 0 0
953 4 0 0 0 0 0 0 0 0
954 2 0 0 0 0 0 0 0 0
956 3 0 0 1 0 0 0 0 0
962 1 0 0 1 0 0 0 0 0
990 3 1 1 0 0 0 3 0 0
1010 5 1 1 0 0 0 4 0 0
1013 3 0 0 0 0 0 1 0 0
1025 7 0 0 5 0 0 0 0 0
fn=_IO_flush_all
879 12 1 1 0 0 0 0 0 0
fn=_IO_flush_all_lockp
822 56 1 1 0 0 0 42 0 0
823 7 0 0 0 0 0 0 0 0
828 57 1 1 6 0 0 12 0 0
830 66 1 1 30 1 1 6 0 0
833 7 0 0 7 2 2 0 0 0
834 7 0 0 7 2 1 0 0 0
835 56 0 0 0 0 0 0 0 0
837 21 0 0 0 0 0 21 0 0
838 42 1 1 0 0 0 0 0 0
839 284 1 1 151 6 3 18 0 0
841 147 2 2 63 8 5 0 0 0
851 42 1 1 0 0 0 0 0 0
852 198 1 1 90 0 0 18 0 0
853 21 2 2 0 0 0 21 0 0
855 63 0 0 21 0 0 0 0 0
862 21 0 0 21 5 3 0 0 0
866 14 0 0 0 0 0 0 0 0
867 48 1 1 18 0 0 6 0 0
868 14 0 0 0 0 0 0 0 0
872 63 0 0 49 0 0 0 0 0
fl=/build/eglibc-3GlaMS/eglibc-2.19/libio/iofflush.c
fn=fflush
33 12 0 0 0 0 0 6 0 0
34 12 1 1 0 0 0 0 0 0
35 6 0 0 0 0 0 0 0 0
45 6 1 1 6 0 0 0 0 0
fl=/build/eglibc-3GlaMS/eglibc-2.19/locale/newlocale.c
fn=newlocale
44 12 2 2 0 0 0 8 0 0
56 2 0 0 0 0 0 0 0 0
57 2 1 1 0 0 0 1 0 0
64 2 0 0 0 0 0 0 0 0
67 4 1 1 1 0 0 0 0 0
73 2 0 0 1 0 0 0 0 0
74 7 2 2 3 0 0 0 0 0
76 1 1 1 0 0 0 0 0 0
279 8 0 0 7 0 0 0 0 0
fl=/build/eglibc-3GlaMS/eglibc-2.19/locale/uselocale.c
fn=uselocale
31 4 1 1 4 2 0 0 0 0
33 6 0 0 0 0 0 0 0 0
36 4 0 0 0 0 0 0 0 0
37 2 0 0 0 0 0 2 0 0
65 6 1 1 4 2 0 2 1 0
66 6 0 0 4 1 0 2 0 0
68 6 0 0 4 1 0 2 0 0
72 6 0 0 0 0 0 0 0 0
73 2 0 0 2 0 0 0 0 0
fl=/build/eglibc-3GlaMS/eglibc-2.19/malloc/arena.c
fn=malloc_hook_ini
373 3 1 1 1 1 1 0 0 0
fn=ptmalloc_init.part.7
334 225 0 0 75 10 0 0 0 0
336 148 0 0 74 40 0 0 0 0
337 2 0 0 1 0 0 0 0 0
338 2 0 0 1 0 0 0 0 0
352 74 0 0 0 0 0 0 0 0
371 6 1 1 0 0 0 5 0 0
376 1 0 0 0 0 0 1 0 0
384 2 0 0 1 0 0 0 0 0
385 7 2 2 0 0 0 1 0 0
386 4 0 0 2 0 0 0 0 0
391 3 1 1 1 1 0 1 1 0
392 12 1 1 1 1 0 6 2 2
394 5 0 0 2 1 0 0 0 0
410 2 1 1 0 0 0 0 0 0
455 2 0 0 0 0 0 0 0 0
461 2 0 0 2 1 1 0 0 0
462 2 0 0 0 0 0 0 0 0
464 1 0 0 0 0 0 1 1 0
465 7 0 0 6 1 0 0 0 0
fl=/build/eglibc-3GlaMS/eglibc-2.19/malloc/hooks.c
fn=malloc_hook_ini
29 4 0 0 1 0 0 2 0 0
30 2 1 1 1 0 0 1 0 0
32 1 0 0 0 0 0 0 0 0
33 1 0 0 0 0 0 0 0 0
fl=/build/eglibc-3GlaMS/eglibc-2.19/malloc/malloc.c
fn=_int_malloc
1862 21 0 0 7 2 1 0 0 0
2271 5 0 0 2 2 0 2 0 0
2272 2 1 1 0 0 0 0 0 0
2282 2 0 0 1 1 1 0 0 0
2360 1 0 0 0 0 0 0 0 0
2369 4 2 2 0 0 0 0 0 0
2378 3 1 1 0 0 0 0 0 0
2433 2 1 1 1 0 0 0 0 0
2442 5 0 0 1 0 0 0 0 0
2452 9 1 1 1 0 0 2 0 0
2460 2 0 0 0 0 0 0 0 0
2462 6 0 0 3 1 0 2 0 0
2466 5 0 0 2 0 0 0 0 0
2469 2 1 1 2 0 0 0 0 0
2470 2 0 0 0 0 0 0 0 0
2489 1 0 0 0 0 0 0 0 0
2516 2 0 0 1 1 1 0 0 0
2517 1 0 0 0 0 0 1 0 0
2518 3 0 0 1 0 0 1 0 0
2524 2 1 1 0 0 0 0 0 0
2527 8 3 3 1 0 0 0 0 0
2569 6 2 2 0 0 0 0 0 0
2588 1 0 0 0 0 0 0 0 0
2591 2 0 0 0 0 0 0 0 0
2592 7 1 1 2 0 0 0 0 0
2594 2 0 0 0 0 0 0 0 0
2595 4 0 0 2 0 0 2 0 0
2607 3 0 0 1 0 0 0 0 0
2615 2 1 1 2 0 0 0 0 0
2616 3 0 0 1 0 0 0 0 0
2654 1 0 0 0 0 0 1 0 0
2655 5 0 0 0 0 0 1 1 1
2656 2 0 0 0 0 0 1 0 0
2667 2 1 1 0 0 0 0 0 0
2700 2 1 1 1 0 0 0 0 0
2701 1 1 1 0 0 0 1 0 0
2706 2 0 0 1 0 0 0 0 0
2709 2 0 0 1 0 0 0 0 0
2711 1 0 0 0 0 0 0 0 0
2712 1 0 0 0 0 0 0 0 0
2713 1 0 0 0 0 0 1 0 0
2714 8 0 0 0 0 0 1 0 0
2715 2 0 0 0 0 0 1 1 1
2717 1 0 0 0 0 0 0 0 0
3302 56 1 1 0 0 0 49 1 0
3332 70 0 0 0 0 0 0 0 0
3340 14 1 1 7 2 1 0 0 0
3377 14 2 2 0 0 0 0 0 0
3421 87 3 3 0 0 0 0 0 0
3422 14 0 0 7 0 0 0 0 0
3423 4 0 0 1 0 0 2 0 0
3442 35 2 1 7 1 0 0 0 0
3576 14 1 1 0 0 0 0 0 0
3578 14 2 1 0 0 0 0 0 0
3581 21 0 0 7 1 0 0 0 0
3649 7 0 0 0 0 0 0 0 0
3650 14 0 0 0 0 0 0 0 0
3651 14 0 0 0 0 0 0 0 0
3652 14 0 0 7 2 0 0 0 0
3653 14 0 0 0 0 0 0 0 0
3658 42 1 1 0 0 0 0 0 0
3662 21 0 0 0 0 0 0 0 0
3765 7 1 1 7 1 0 0 0 0
3766 21 0 0 7 1 0 0 0 0
3768 21 1 1 0 0 0 0 0 0
3770 6 0 0 0 0 0 0 0 0
3771 6 0 0 0 0 0 0 0 0
3772 6 0 0 0 0 0 6 0 0
3773 48 2 2 0 0 0 6 0 0
3775 12 0 0 0 0 0 6 6 6
3778 6 0 0 0 0 0 0 0 0
3785 2 0 0 1 0 0 0 0 0
3790 28 0 0 0 0 0 7 0 0
3792 175 1 1 0 0 0 70 0 0
3801 2 0 0 0 0 0 0 0 0
3806 63 0 0 49 0 0 0 0 0
4990 28 0 0 0 0 0 14 0 0
4992 21 2 2 7 0 0 7 0 0
5000 1 1 1 0 0 0 1 0 0
fn=malloc
2876 32 2 1 0 0 0 16 0 0
2881 16 0 0 16 5 0 0 0 0
2882 16 0 0 0 0 0 0 0 0
2883 2 1 1 1 0 0 0 0 0
2885 14 0 0 14 2 0 0 0 0
2887 56 2 1 14 1 0 0 0 0
2891 28 0 0 0 0 0 7 0 0
2892 14 0 0 0 0 0 0 0 0
2903 28 2 1 14 0 0 0 0 0
2904 56 0 0 7 0 0 0 0 0
2907 38 1 1 24 0 0 0 0 0
fn=malloc_consolidate
1785 381 0 0 0 0 0 0 0 0
1788 381 0 0 0 0 0 254 32 32
1792 3 1 1 0 0 0 0 0 0
1796 3 1 1 1 0 0 1 0 0
1797 2 0 0 0 0 0 1 0 0
1799 1 0 0 0 0 0 1 1 1
4104 8 1 1 0 0 0 6 1 0
4126 5 0 0 1 0 0 0 0 0
4199 8 0 0 7 0 0 0 0 0
4996 1 1 1 0 0 0 0 0 0
fl=/build/eglibc-3GlaMS/eglibc-2.19/malloc/morecore.c
fn=__default_morecore
46 2 1 1 0 0 0 0 0 0
47 2 0 0 0 0 0 2 0 0
49 6 0 0 0 0 0 0 0 0
52 6 0 0 2 0 0 0 0 0
fl=/build/eglibc-3GlaMS/eglibc-2.19/math/../sysdeps/x86_64/fpu/multiarch/e_asin.c
fn=__acos_finite
10 7 1 1 2 0 0 1 0 0
fn=__asin_finite
14 7 1 1 2 0 0 1 0 0
fl=/build/eglibc-3GlaMS/eglibc-2.19/math/../sysdeps/x86_64/fpu/multiarch/e_atan2.c
fn=__atan2_finite
15 1 1 1 0 0 0 0 0 0
fl=/build/eglibc-3GlaMS/eglibc-2.19/math/../sysdeps/x86_64/fpu/multiarch/e_exp.c
fn=__exp_finite
15 10 2 2 2 0 0 1 0 0
fl=/build/eglibc-3GlaMS/eglibc-2.19/math/../sysdeps/x86_64/fpu/multiarch/e_log.c
fn=__log_finite
15 1 1 1 0 0 0 0 0 0
fl=/build/eglibc-3GlaMS/eglibc-2.19/math/../sysdeps/x86_64/fpu/multiarch/e_pow.c
fn=__pow_finite
8 7 1 1 2 0 0 1 0 0
fl=/build/eglibc-3GlaMS/eglibc-2.19/math/../sysdeps/x86_64/fpu/multiarch/s_ceil.S
fn=ceil
25 1 1 1 0 0 0 1 0 0
26 1 0 0 0 0 0 0 0 0
27 1 0 0 0 0 0 0 0 0
28 1 1 1 1 0 0 0 0 0
29 1 0 0 0 0 0 0 0 0
31 1 0 0 1 0 0 0 0 0
fl=/build/eglibc-3GlaMS/eglibc-2.19/math/../sysdeps/x86_64/fpu/multiarch/s_ceilf.S
fn=ceilf
25 1 1 1 0 0 0 1 0 0
26 1 0 0 0 0 0 0 0 0
27 1 0 0 0 0 0 0 0 0
28 1 1 1 1 0 0 0 0 0
29 1 0 0 0 0 0 0 0 0
31 1 0 0 1 0 0 0 0 0
fl=/build/eglibc-3GlaMS/eglibc-2.19/math/../sysdeps/x86_64/fpu/multiarch/s_floor.S
fn=floor
25 1 1 1 0 0 0 1 0 0
26 1 0 0 0 0 0 0 0 0
27 1 0 0 0 0 0 0 0 0
28 1 0 0 1 0 0 0 0 0
29 1 0 0 0 0 0 0 0 0
31 1 0 0 1 0 0 0 0 0
fl=/build/eglibc-3GlaMS/eglibc-2.19/math/../sysdeps/x86_64/fpu/multiarch/s_floorf.S
fn=floorf
25 1 1 1 0 0 0 1 0 0
26 1 0 0 0 0 0 0 0 0
27 1 0 0 0 0 0 0 0 0
28 1 0 0 1 0 0 0 0 0
29 1 0 0 0 0 0 0 0 0
31 1 0 0 1 0 0 0 0 0
fl=/build/eglibc-3GlaMS/eglibc-2.19/math/../sysdeps/x86_64/fpu/multiarch/s_rint.S
fn=rint
25 1 1 1 0 0 0 1 0 0
26 1 0 0 0 0 0 0 0 0
27 1 0 0 0 0 0 0 0 0
28 1 0 0 1 0 0 0 0 0
29 1 0 0 0 0 0 0 0 0
31 1 0 0 1 0 0 0 0 0
fl=/build/eglibc-3GlaMS/eglibc-2.19/math/../sysdeps/x86_64/fpu/multiarch/s_rintf.S
fn=rintf
25 1 1 1 0 0 0 1 0 0
26 1 0 0 0 0 0 0 0 0
27 1 0 0 0 0 0 0 0 0
28 1 0 0 1 0 0 0 0 0
29 1 0 0 0 0 0 0 0 0
31 1 0 0 1 0 0 0 0 0
fl=/build/eglibc-3GlaMS/eglibc-2.19/math/../sysdeps/x86_64/fpu/multiarch/s_sin.c
fn=cos
20 10 2 2 2 0 0 1 0 0
fn=sin
24 1 1 1 0 0 0 0 0 0
fl=/build/eglibc-3GlaMS/eglibc-2.19/misc/../sysdeps/unix/syscall-template.S
fn=mmap
81 90 1 1 0 0 0 0 0 0
82 18 0 0 18 0 0 0 0 0
fn=mprotect
81 48 1 1 0 0 0 0 0 0
82 12 0 0 12 0 0 0 0 0
fn=munmap
81 4 0 0 0 0 0 0 0 0
82 1 0 0 1 0 0 0 0 0
fl=/build/eglibc-3GlaMS/eglibc-2.19/misc/../sysdeps/unix/sysv/linux/x86_64/brk.c
fn=brk
28 2 0 0 0 0 0 0 0 0
31 16 1 1 2 0 0 2 0 0
33 4 0 0 0 0 0 0 0 0
39 2 0 0 0 0 0 0 0 0
40 2 0 0 2 0 0 0 0 0
fl=/build/eglibc-3GlaMS/eglibc-2.19/misc/init-misc.c
fn=__init_misc
30 4 1 1 0 0 0 2 0 0
31 5 0 0 1 0 0 0 0 0
33 3 0 0 0 0 0 1 0 0
37 5 0 0 1 1 0 1 1 0
38 3 1 1 2 0 0 1 0 0
40 4 0 0 3 0 0 0 0 0
fl=/build/eglibc-3GlaMS/eglibc-2.19/misc/sbrk.c
fn=sbrk
34 8 1 1 0 0 0 6 0 0
42 11 0 0 5 3 1 0 0 0
43 6 1 1 1 0 0 1 0 0
46 4 0 0 0 0 0 0 0 0
50 4 0 0 0 0 0 0 0 0
53 3 0 0 0 0 0 1 0 0
57 10 0 0 8 0 0 0 0 0
fl=/build/eglibc-3GlaMS/eglibc-2.19/nptl/../nptl/sysdeps/unix/sysv/linux/register-atfork.c
fn=__linkin_atfork
116 2 1 1 1 1 1 1 0 0
117 6 1 1 2 1 0 0 0 0
119 1 0 0 1 0 0 0 0 0
fl=/build/eglibc-3GlaMS/eglibc-2.19/nptl/../nptl/sysdeps/unix/sysv/linux/unregister-atfork.c
fn=__unregister_atfork
28 8 0 0 0 0 0 4 0 0
36 4 1 1 4 1 1 0 0 0
39 16 1 1 0 0 0 0 0 0
40 12 0 0 4 1 1 0 0 0
45 4 0 0 4 1 1 0 0 0
121 8 0 0 8 0 0 0 0 0
fl=/build/eglibc-3GlaMS/eglibc-2.19/posix/../sysdeps/unix/syscall-template.S
fn=uname
81 4 1 1 0 0 0 0 0 0
82 1 0 0 1 0 0 0 0 0
fl=/build/eglibc-3GlaMS/eglibc-2.19/posix/../sysdeps/unix/sysv/linux/_exit.c
fn=_Exit
28 2 1 1 1 1 1 0 0 0
32 4 1 1 0 0 0 0 0 0
34 2 0 0 0 0 0 0 0 0
fl=/build/eglibc-3GlaMS/eglibc-2.19/setjmp/../sysdeps/x86_64/bsd-_setjmp.S
fn=_setjmp
30 1 1 1 0 0 0 0 0 0
32 1 0 0 0 0 0 0 0 0
fl=/build/eglibc-3GlaMS/eglibc-2.19/setjmp/../sysdeps/x86_64/setjmp.S
fn=__sigsetjmp
26 11 2 2 0 0 0 11 1 0
35 11 0 0 0 0 0 0 0 0
36 22 1 1 11 0 0 0 0 0
37 11 0 0 0 0 0 11 0 0
41 11 0 0 0 0 0 11 0 0
42 11 0 0 0 0 0 11 0 0
43 11 0 0 0 0 0 11 0 0
44 11 0 0 0 0 0 11 0 0
45 11 0 0 0 0 0 0 0 0
47 22 0 0 11 0 0 0 0 0
49 11 0 0 0 0 0 11 0 0
50 11 1 1 11 0 0 0 0 0
53 22 0 0 11 0 0 0 0 0
55 11 0 0 0 0 0 11 1 1
59 10 0 0 0 0 0 0 0 0
60 10 0 0 10 0 0 0 0 0
64 1 0 0 0 0 0 0 0 0
fl=/build/eglibc-3GlaMS/eglibc-2.19/setjmp/sigjmp.c
fn=__sigjmp_save
28 2 0 0 0 0 0 1 0 0
29 4 0 0 0 0 0 1 0 0
34 3 0 0 2 0 0 0 0 0
fl=/build/eglibc-3GlaMS/eglibc-2.19/stdlib/cxa_atexit.c
fn=__cxa_atexit
35 14 0 0 0 0 0 7 0 0
37 14 0 0 0 0 0 0 0 0
41 21 0 0 7 0 0 0 0 0
43 7 0 0 0 0 0 7 0 0
44 7 0 0 0 0 0 7 3 0
45 7 0 0 0 0 0 7 0 0
47 7 2 1 0 0 0 7 0 0
48 7 0 0 0 0 0 0 0 0
57 42 2 1 0 0 0 21 0 0
59 28 0 0 28 0 0 0 0 0
fn=__new_exitfn
73 28 1 1 0 0 0 14 0 0
74 14 0 0 0 0 0 0 0 0
79 42 0 0 14 5 2 0 0 0
81 32 2 2 8 3 0 0 0 0
83 33 1 0 7 3 0 0 0 0
84 30 0 0 6 2 0 0 0 0
91 1 0 0 0 0 0 1 0 0
94 12 0 0 0 0 0 0 0 0
112 1 1 1 0 0 0 0 0 0
113 2 0 0 0 0 0 1 0 0
119 18 0 0 0 0 0 0 0 0
120 12 0 0 0 0 0 6 0 0
126 7 1 1 0 0 0 7 1 0
127 7 0 0 7 3 1 0 0 0
130 28 0 0 14 0 0 0 0 0
133 35 0 0 21 0 0 0 0 0
fl=/build/eglibc-3GlaMS/eglibc-2.19/stdlib/cxa_finalize.c
fn=__cxa_finalize
31 32 1 1 0 0 0 24 0 0
35 28 1 1 8 0 0 0 0 0
39 92 1 1 4 0 0 0 0 0
44 40 0 0 20 1 1 0 0 0
46 15 0 0 5 0 0 0 0 0
47 5 0 0 5 0 0 0 0 0
48 24 1 1 10 0 0 0 0 0
51 5 0 0 5 1 1 0 0 0
54 10 0 0 5 0 0 0 0 0
56 10 0 0 0 0 0 5 0 0
60 10 0 0 5 0 0 0 0 0
67 28 1 1 8 0 0 0 0 0
71 24 0 0 4 1 1 0 0 0
79 8 0 0 0 0 0 0 0 0
80 8 0 0 0 0 0 0 0 0
82 28 1 1 24 0 0 0 0 0
fl=/build/eglibc-3GlaMS/eglibc-2.19/stdlib/cxa_thread_atexit_impl.c
fn=__call_tls_dtors
82 3 1 1 0 0 0 3 0 0
83 5 0 0 1 1 1 1 0 0
101 4 1 1 4 0 0 0 0 0
fl=/build/eglibc-3GlaMS/eglibc-2.19/stdlib/exit.c
fn=__run_exit_handlers
35 8 1 1 0 0 0 4 0 0
40 2 0 0 1 1 1 1 0 0
46 11 0 0 3 1 1 0 0 0
50 19 0 0 0 0 0 0 0 0
52 7 0 0 0 0 0 7 0 0
53 7 0 0 0 0 0 0 0 0
54 50 1 1 7 2 2 0 0 0
78 2 1 1 2 0 0 0 0 0
80 4 0 0 2 0 0 0 0 0
82 6 0 0 2 0 0 2 0 0
83 2 0 0 0 0 0 0 0 0
87 2 0 0 1 0 0 1 0 0
88 2 0 0 0 0 0 0 0 0
94 2 0 0 0 0 0 0 0 0
95 8 1 1 1 1 1 1 0 0
97 2 0 0 0 0 0 1 0 0
fn=exit
103 1 0 0 0 0 0 0 0 0
104 3 1 1 0 0 0 1 0 0
fl=/build/eglibc-3GlaMS/eglibc-2.19/string/../bits/stdlib-bsearch.h
fn=intel_check_word
27 8 1 1 0 0 0 0 0 0
28 16 0 0 0 0 0 0 0 0
29 110 0 0 0 0 0 0 0 0
31 154 0 0 0 0 0 0 0 0
32 54 0 0 0 0 0 0 0 0
37 8 1 1 0 0 0 0 0 0
fl=/build/eglibc-3GlaMS/eglibc-2.19/string/../string/memcmp.c
fn=bcmp
105 25 1 1 25 0 0 0 0 0
106 50 0 0 25 0 0 0 0 0
110 55 0 0 0 0 0 0 0 0
111 15 1 1 0 0 0 0 0 0
129 35 1 1 0 0 0 0 0 0
133 5 1 1 5 1 1 0 0 0
134 5 0 0 5 0 0 0 0 0
135 5 0 0 0 0 0 0 0 0
136 5 0 0 0 0 0 0 0 0
137 5 0 0 0 0 0 0 0 0
183 5 0 0 5 0 0 0 0 0
184 5 0 0 5 0 0 0 0 0
185 40 0 0 0 0 0 10 1 1
221 3 0 0 0 0 0 0 0 0
222 6 0 0 0 0 0 0 0 0
226 6 0 0 0 0 0 0 0 0
228 21 1 1 0 0 0 0 0 0
232 3 0 0 3 0 0 0 0 0
233 3 0 0 3 0 0 0 0 0
234 3 0 0 3 0 0 0 0 0
235 3 0 0 0 0 0 0 0 0
236 3 0 0 0 0 0 0 0 0
237 3 0 0 0 0 0 0 0 0
289 3 0 0 3 1 1 0 0 0
290 3 0 0 3 1 1 0 0 0
291 18 1 1 0 0 0 0 0 0
292 6 0 0 0 0 0 0 0 0
299 6 1 1 0 0 0 0 0 0
304 18 1 1 0 0 0 0 0 0
305 6 0 0 0 0 0 0 0 0
315 154 1 1 0 0 0 132 2 2
318 22 0 0 0 0 0 0 0 0
319 22 0 0 0 0 0 0 0 0
322 44 0 0 0 0 0 0 0 0
326 30 0 0 0 0 0 0 0 0
328 2 0 0 2 1 1 0 0 0
329 2 0 0 2 0 0 0 0 0
330 2 0 0 0 0 0 0 0 0
331 2 0 0 0 0 0 0 0 0
333 4 0 0 0 0 0 0 0 0
335 2 0 0 0 0 0 0 0 0
342 24 1 1 0 0 0 0 0 0
343 16 0 0 0 0 0 0 0 0
346 10 0 0 0 0 0 0 0 0
350 9 0 0 0 0 0 0 0 0
351 3 0 0 0 0 0 0 0 0
352 3 0 0 0 0 0 0 0 0
356 248 2 2 0 0 0 0 0 0
358 108 0 0 108 2 2 0 0 0
359 108 0 0 108 5 5 0 0 0
360 108 0 0 0 0 0 0 0 0
363 351 0 0 0 0 0 0 0 0
368 16 0 0 0 0 0 0 0 0
369 176 0 0 154 0 0 0 0 0
fl=/build/eglibc-3GlaMS/eglibc-2.19/string/../string/memmove.c
fn=memmove
49 40 2 2 0 0 0 24 0 0
55 32 0 0 0 0 0 0 0 0
63 32 2 2 0 0 0 0 0 0
66 20 0 0 0 0 0 0 0 0
67 8 0 0 0 0 0 0 0 0
79 72 2 2 4 0 0 8 0 0
85 132 0 0 20 0 0 20 0 0
116 40 2 2 32 0 0 0 0 0
fl=/build/eglibc-3GlaMS/eglibc-2.19/string/../sysdeps/x86_64/memcpy.S
fn=mempcpy
61 28 1 1 0 0 0 0 0 0
65 28 0 0 0 0 0 0 0 0
68 26 0 0 0 0 0 0 0 0
69 26 0 0 0 0 0 0 0 0
71 13 0 0 13 1 1 0 0 0
72 13 0 0 0 0 0 13 1 1
74 13 0 0 0 0 0 0 0 0
75 13 0 0 0 0 0 0 0 0
80 26 0 0 0 0 0 0 0 0
81 26 0 0 0 0 0 0 0 0
83 16 0 0 16 0 0 0 0 0
84 16 0 0 0 0 0 16 0 0
86 16 0 0 0 0 0 0 0 0
87 16 0 0 0 0 0 0 0 0
92 26 0 0 0 0 0 0 0 0
93 26 0 0 0 0 0 0 0 0
95 14 0 0 14 0 0 0 0 0
96 14 0 0 0 0 0 14 0 0
98 14 0 0 0 0 0 0 0 0
99 14 0 0 0 0 0 0 0 0
104 26 0 0 0 0 0 0 0 0
105 26 0 0 0 0 0 0 0 0
107 14 0 0 14 0 0 0 0 0
108 14 0 0 0 0 0 14 1 1
110 14 0 0 0 0 0 0 0 0
111 28 0 0 0 0 0 0 0 0
116 26 1 1 0 0 0 0 0 0
117 28 0 0 0 0 0 0 0 0
122 2 0 0 2 1 0 0 0 0
123 2 0 0 2 0 0 0 0 0
124 2 0 0 0 0 0 2 1 1
125 2 0 0 0 0 0 2 0 0
127 2 0 0 0 0 0 0 0 0
129 2 0 0 0 0 0 0 0 0
130 2 0 0 0 0 0 0 0 0
132 2 0 0 0 0 0 0 0 0
138 26 0 0 0 0 0 0 0 0
142 26 0 0 26 0 0 0 0 0
154 5 1 1 0 0 0 0 0 0
156 5 0 0 0 0 0 0 0 0
157 5 0 0 0 0 0 0 0 0
183 5 0 0 0 0 0 0 0 0
184 5 0 0 0 0 0 0 0 0
187 5 0 0 0 0 0 0 0 0
188 5 0 0 0 0 0 0 0 0
189 5 0 0 0 0 0 0 0 0
194 5 1 1 0 0 0 0 0 0
196 5 0 0 5 0 0 0 0 0
197 5 0 0 5 0 0 0 0 0
198 5 0 0 5 0 0 0 0 0
199 5 0 0 5 0 0 0 0 0
201 5 0 0 0 0 0 5 1 1
202 5 0 0 0 0 0 5 2 2
203 5 0 0 0 0 0 5 0 0
204 5 0 0 0 0 0 5 0 0
206 5 0 0 0 0 0 0 0 0
207 5 0 0 0 0 0 0 0 0
209 5 0 0 0 0 0 0 0 0
231 5 1 1 0 0 0 0 0 0
233 5 0 0 0 0 0 0 0 0
235 2 0 0 0 0 0 0 0 0
242 2 0 0 2 0 0 0 0 0
fl=/build/eglibc-3GlaMS/eglibc-2.19/string/../sysdeps/x86_64/multiarch/../cacheinfo.c
fn=handle_intel
305 16 0 0 0 0 0 12 0 0
306 4 1 1 0 0 0 0 0 0
317 6 0 0 0 0 0 2 0 0
319 2 1 1 0 0 0 2 0 0
320 4 0 0 0 0 0 2 0 0
322 2 0 0 0 0 0 0 0 0
328 8 1 1 0 0 0 2 0 0
333 4 0 0 0 0 0 0 0 0
335 6 0 0 0 0 0 2 0 0
336 2 0 0 0 0 0 0 0 0
340 10 0 0 0 0 0 2 0 0
341 4 0 0 0 0 0 0 0 0
344 10 1 1 0 0 0 2 0 0
345 4 0 0 0 0 0 0 0 0
362 16 1 1 14 0 0 0 0 0
fn=init_cacheinfo
550 3 1 1 0 0 0 3 0 0
563 3 0 0 1 1 0 0 0 0
570 2 0 0 0 0 0 0 0 0
572 4 0 0 1 0 0 1 0 0
575 1 0 0 0 0 0 0 0 0
576 4 1 1 1 0 0 1 0 0
578 2 0 0 0 0 0 0 0 0
589 1 0 0 1 0 0 0 0 0
607 4 0 0 1 0 0 0 0 0
614 17 1 1 0 0 0 0 0 0
620 8 0 0 0 0 0 0 0 0
623 20 0 0 0 0 0 0 0 0
625 2 1 1 0 0 0 0 0 0
631 5 0 0 0 0 0 0 0 0
638 9 1 1 0 0 0 0 0 0
640 2 0 0 0 0 0 0 0 0
642 8 0 0 0 0 0 0 0 0
644 4 0 0 0 0 0 0 0 0
649 1 1 1 0 0 0 0 0 0
651 4 0 0 0 0 0 0 0 0
652 2 0 0 0 0 0 0 0 0
653 1 0 0 0 0 0 0 0 0
657 2 0 0 0 0 0 0 0 0
669 4 0 0 0 0 0 0 0 0
670 5 1 1 0 0 0 0 0 0
744 2 0 0 0 0 0 0 0 0
746 3 1 1 0 0 0 1 0 0
747 1 0 0 0 0 0 1 1 1
749 1 0 0 0 0 0 0 0 0
750 3 0 0 0 0 0 1 0 0
751 1 0 0 0 0 0 1 0 0
754 2 0 0 0 0 0 0 0 0
756 3 0 0 0 0 0 1 0 0
757 1 0 0 0 0 0 1 1 1
759 1 0 0 0 0 0 0 0 0
760 3 0 0 0 0 0 1 0 0
761 1 0 0 0 0 0 1 0 0
763 4 0 0 4 0 0 0 0 0
fn=intel_check_word
150 108 0 0 54 6 6 0 0 0
153 54 1 1 0 0 0 0 0 0
161 16 0 0 0 0 0 12 0 0
162 8 1 1 0 0 0 0 0 0
164 2 0 0 0 0 0 0 0 0
168 28 0 0 0 0 0 0 0 0
170 32 1 1 0 0 0 0 0 0
172 10 0 0 0 0 0 0 0 0
174 20 0 0 0 0 0 0 0 0
182 20 0 0 0 0 0 0 0 0
194 39 2 2 0 0 0 0 0 0
199 16 0 0 0 0 0 0 0 0
203 10 1 1 0 0 0 0 0 0
205 5 0 0 0 0 0 0 0 0
210 8 0 0 0 0 0 0 0 0
213 2 1 1 0 0 0 0 0 0
215 4 1 1 0 0 0 0 0 0
217 10 2 2 0 0 0 0 0 0
218 8 0 0 0 0 0 0 0 0
219 8 0 0 0 0 0 0 0 0
220 2 0 0 0 0 0 0 0 0
228 3 0 0 0 0 0 0 0 0
235 16 0 0 0 0 0 0 0 0
295 8 0 0 0 0 0 0 0 0
300 16 0 0 16 0 0 0 0 0
fl=/build/eglibc-3GlaMS/eglibc-2.19/string/../sysdeps/x86_64/multiarch/../memcmp.S
fn=__GI_memcmp
24 49 1 1 0 0 0 0 0 0
25 49 0 0 0 0 0 0 0 0
26 49 0 0 0 0 0 0 0 0
27 49 0 0 0 0 0 0 0 0
28 49 0 0 0 0 0 0 0 0
29 49 0 0 0 0 0 0 0 0
30 49 0 0 0 0 0 0 0 0
31 49 1 1 0 0 0 0 0 0
34 49 0 0 0 0 0 0 0 0
35 49 0 0 0 0 0 0 0 0
36 48 0 0 48 0 0 0 0 0
37 48 0 0 48 0 0 0 0 0
38 48 0 0 0 0 0 0 0 0
39 48 0 0 0 0 0 0 0 0
40 48 0 0 0 0 0 0 0 0
41 48 0 0 0 0 0 0 0 0
42 48 0 0 0 0 0 0 0 0
44 11 0 0 0 0 0 0 0 0
45 11 0 0 0 0 0 0 0 0
46 1 0 0 1 0 0 0 0 0
47 1 0 0 1 0 0 0 0 0
48 1 0 0 0 0 0 0 0 0
49 1 0 0 0 0 0 0 0 0
50 1 0 0 0 0 0 0 0 0
51 1 0 0 0 0 0 0 0 0
52 1 0 0 0 0 0 0 0 0
54 11 1 1 0 0 0 0 0 0
55 11 0 0 0 0 0 0 0 0
56 11 0 0 11 0 0 0 0 0
57 11 0 0 11 0 0 0 0 0
58 11 0 0 0 0 0 0 0 0
59 11 0 0 0 0 0 0 0 0
94 38 0 0 38 0 0 0 0 0
98 11 1 1 0 0 0 0 0 0
99 11 0 0 0 0 0 0 0 0
100 1 0 0 0 0 0 0 0 0
101 1 0 0 0 0 0 0 0 0
102 1 0 0 0 0 0 0 0 0
103 1 0 0 0 0 0 0 0 0
104 1 0 0 0 0 0 0 0 0
105 1 0 0 0 0 0 0 0 0
106 1 0 0 0 0 0 0 0 0
107 1 0 0 0 0 0 0 0 0
108 1 0 0 0 0 0 0 0 0
109 1 0 0 0 0 0 0 0 0
110 1 0 0 1 0 0 0 0 0
114 10 1 1 0 0 0 0 0 0
115 10 0 0 10 0 0 0 0 0
fl=/build/eglibc-3GlaMS/eglibc-2.19/string/../sysdeps/x86_64/multiarch/../memcpy.S
fn=memcpy
61 27 1 1 0 0 0 0 0 0
63 27 0 0 0 0 0 0 0 0
65 27 0 0 0 0 0 0 0 0
68 27 0 0 0 0 0 0 0 0
69 27 0 0 0 0 0 0 0 0
71 5 1 1 5 0 0 0 0 0
72 5 0 0 0 0 0 5 3 3
74 5 0 0 0 0 0 0 0 0
75 5 0 0 0 0 0 0 0 0
80 27 0 0 0 0 0 0 0 0
81 27 0 0 0 0 0 0 0 0
83 7 0 0 7 0 0 0 0 0
84 7 0 0 0 0 0 7 3 3
86 7 0 0 0 0 0 0 0 0
87 14 0 0 0 0 0 0 0 0
92 27 0 0 0 0 0 0 0 0
93 27 0 0 0 0 0 0 0 0
95 8 0 0 8 0 0 0 0 0
96 8 0 0 0 0 0 8 0 0
98 8 0 0 0 0 0 0 0 0
99 8 0 0 0 0 0 0 0 0
104 27 0 0 0 0 0 0 0 0
105 27 0 0 0 0 0 0 0 0
107 16 0 0 16 1 1 0 0 0
108 16 0 0 0 0 0 16 1 1
110 16 0 0 0 0 0 0 0 0
111 16 0 0 0 0 0 0 0 0
116 27 1 1 0 0 0 0 0 0
117 40 0 0 0 0 0 0 0 0
122 13 0 0 13 0 0 0 0 0
123 13 0 0 13 0 0 0 0 0
124 13 0 0 0 0 0 13 1 1
125 13 0 0 0 0 0 13 1 1
127 13 0 0 0 0 0 0 0 0
129 13 0 0 0 0 0 0 0 0
130 13 0 0 0 0 0 0 0 0
132 13 0 0 0 0 0 0 0 0
140 27 0 0 27 0 0 0 0 0
148 12 0 0 0 0 0 12 0 0
154 12 0 0 0 0 0 0 0 0
156 12 0 0 0 0 0 0 0 0
157 12 0 0 0 0 0 0 0 0
160 3 1 1 0 0 0 0 0 0
161 6 0 0 0 0 0 0 0 0
166 10 0 0 10 0 0 0 0 0
167 10 0 0 0 0 0 10 0 0
169 10 0 0 0 0 0 0 0 0
171 10 0 0 0 0 0 0 0 0
172 10 0 0 0 0 0 0 0 0
174 13 0 0 0 0 0 0 0 0
183 12 0 0 0 0 0 0 0 0
184 12 0 0 0 0 0 0 0 0
187 12 0 0 0 0 0 0 0 0
188 12 0 0 0 0 0 0 0 0
189 12 0 0 0 0 0 0 0 0
194 16 1 1 0 0 0 0 0 0
196 16 0 0 16 5 5 0 0 0
197 16 0 0 16 0 0 0 0 0
198 16 0 0 16 0 0 0 0 0
199 16 0 0 16 0 0 0 0 0
201 16 0 0 0 0 0 16 5 5
202 16 0 0 0 0 0 16 1 1
203 16 0 0 0 0 0 16 1 1
204 16 0 0 0 0 0 16 1 1
206 16 0 0 0 0 0 0 0 0
207 16 0 0 0 0 0 0 0 0
209 16 0 0 0 0 0 0 0 0
211 8 0 0 0 0 0 0 0 0
213 8 0 0 8 4 4 0 0 0
214 8 0 0 8 0 0 0 0 0
215 8 0 0 8 0 0 0 0 0
216 8 0 0 8 0 0 0 0 0
218 8 0 0 0 0 0 8 4 4
219 8 0 0 0 0 0 8 0 0
220 8 0 0 0 0 0 8 0 0
221 8 0 0 0 0 0 8 0 0
223 8 0 0 0 0 0 0 0 0
224 8 0 0 0 0 0 0 0 0
226 10 0 0 0 0 0 0 0 0
231 12 1 1 0 0 0 0 0 0
237 12 0 0 12 0 0 0 0 0
238 12 0 0 0 0 0 0 0 0
fl=/build/eglibc-3GlaMS/eglibc-2.19/string/../sysdeps/x86_64/multiarch/../rtld-strlen.S
fn=strlen
26 25 1 1 0 0 0 0 0 0
27 25 0 0 0 0 0 0 0 0
28 25 0 0 0 0 0 0 0 0
29 25 0 0 0 0 0 0 0 0
31 13 0 0 0 0 0 0 0 0
32 13 0 0 0 0 0 0 0 0
34 56 0 0 56 1 1 0 0 0
35 56 0 0 0 0 0 0 0 0
36 55 0 0 0 0 0 0 0 0
37 55 0 0 0 0 0 0 0 0
38 55 0 0 0 0 0 0 0 0
40 48 1 1 0 0 0 0 0 0
45 32 0 0 32 0 0 0 0 0
46 32 0 0 0 0 0 0 0 0
47 32 0 0 0 0 0 0 0 0
48 32 0 0 0 0 0 0 0 0
51 32 0 0 0 0 0 0 0 0
52 27 0 0 0 0 0 0 0 0
53 27 0 0 0 0 0 0 0 0
54 27 0 0 0 0 0 0 0 0
56 27 0 0 0 0 0 0 0 0
59 22 0 0 22 1 1 0 0 0
60 22 0 0 0 0 0 0 0 0
61 22 0 0 0 0 0 0 0 0
62 22 0 0 0 0 0 0 0 0
65 22 0 0 0 0 0 0 0 0
66 16 0 0 0 0 0 0 0 0
67 16 0 0 0 0 0 0 0 0
68 16 1 1 0 0 0 0 0 0
70 16 0 0 0 0 0 0 0 0
73 12 0 0 12 0 0 0 0 0
74 12 0 0 0 0 0 0 0 0
75 12 0 0 0 0 0 0 0 0
76 12 0 0 0 0 0 0 0 0
79 12 0 0 0 0 0 0 0 0
80 12 0 0 0 0 0 0 0 0
81 12 0 0 0 0 0 0 0 0
82 12 0 0 0 0 0 0 0 0
84 12 0 0 0 0 0 0 0 0
87 12 0 0 12 0 0 0 0 0
88 12 0 0 0 0 0 0 0 0
89 12 0 0 0 0 0 0 0 0
90 12 0 0 0 0 0 0 0 0
93 12 0 0 0 0 0 0 0 0
94 10 0 0 0 0 0 0 0 0
95 10 0 0 0 0 0 0 0 0
96 10 0 0 0 0 0 0 0 0
98 12 0 0 0 0 0 0 0 0
101 24 1 1 0 0 0 0 0 0
103 24 0 0 0 0 0 0 0 0
104 24 0 0 0 0 0 0 0 0
105 22 0 0 0 0 0 0 0 0
107 22 0 0 0 0 0 0 0 0
108 22 0 0 0 0 0 0 0 0
109 22 0 0 0 0 0 0 0 0
111 22 0 0 0 0 0 0 0 0
112 22 0 0 0 0 0 0 0 0
113 20 0 0 0 0 0 0 0 0
115 20 0 0 0 0 0 0 0 0
116 20 0 0 0 0 0 0 0 0
117 14 0 0 0 0 0 0 0 0
119 14 0 0 0 0 0 0 0 0
121 14 0 0 0 0 0 0 0 0
122 14 0 0 0 0 0 0 0 0
123 14 0 0 0 0 0 0 0 0
125 14 0 0 0 0 0 0 0 0
126 14 0 0 0 0 0 0 0 0
127 13 0 0 0 0 0 0 0 0
129 13 0 0 0 0 0 0 0 0
130 13 1 1 0 0 0 0 0 0
131 8 0 0 0 0 0 0 0 0
133 25 0 0 0 0 0 0 0 0
134 25 0 0 25 0 0 0 0 0
fl=/build/eglibc-3GlaMS/eglibc-2.19/string/../sysdeps/x86_64/multiarch/../strchr.S
fn=index
24 17 1 1 0 0 0 0 0 0
25 17 0 0 0 0 0 0 0 0
26 17 0 0 0 0 0 0 0 0
27 17 0 0 0 0 0 0 0 0
28 17 0 0 0 0 0 0 0 0
29 17 0 0 0 0 0 0 0 0
30 17 0 0 0 0 0 0 0 0
31 17 0 0 0 0 0 0 0 0
32 17 0 0 17 5 5 0 0 0
33 17 0 0 0 0 0 0 0 0
34 17 0 0 0 0 0 0 0 0
35 17 1 1 0 0 0 0 0 0
36 17 0 0 0 0 0 0 0 0
37 17 0 0 0 0 0 0 0 0
38 17 0 0 0 0 0 0 0 0
39 17 0 0 0 0 0 0 0 0
40 17 0 0 0 0 0 0 0 0
41 14 0 0 0 0 0 0 0 0
45 14 0 0 0 0 0 0 0 0
46 14 0 0 0 0 0 0 0 0
47 14 0 0 14 0 0 0 0 0
48 14 0 0 0 0 0 0 0 0
50 14 0 0 14 0 0 0 0 0
54 3 0 0 3 0 0 0 0 0
55 3 0 0 0 0 0 0 0 0
56 3 0 0 0 0 0 0 0 0
57 3 0 0 0 0 0 0 0 0
58 3 0 0 0 0 0 0 0 0
59 3 1 1 0 0 0 0 0 0
60 3 0 0 3 0 0 0 0 0
61 3 0 0 0 0 0 0 0 0
62 3 0 0 0 0 0 0 0 0
63 3 0 0 0 0 0 0 0 0
64 3 0 0 0 0 0 0 0 0
65 3 0 0 0 0 0 0 0 0
66 3 0 0 0 0 0 0 0 0
67 3 0 0 3 1 1 0 0 0
68 3 0 0 0 0 0 0 0 0
69 3 0 0 0 0 0 0 0 0
70 3 0 0 0 0 0 0 0 0
71 3 0 0 0 0 0 0 0 0
72 3 0 0 0 0 0 0 0 0
73 3 0 0 0 0 0 0 0 0
74 3 0 0 0 0 0 0 0 0
75 3 1 1 0 0 0 0 0 0
76 3 0 0 0 0 0 0 0 0
77 3 0 0 0 0 0 0 0 0
129 3 1 1 0 0 0 0 0 0
133 3 0 0 0 0 0 0 0 0
134 3 0 0 0 0 0 0 0 0
135 3 0 0 3 0 0 0 0 0
136 3 1 1 0 0 0 0 0 0
138 3 0 0 3 0 0 0 0 0
fl=/build/eglibc-3GlaMS/eglibc-2.19/string/../sysdeps/x86_64/multiarch/../strcmp.S
fn=__strcmp_ssse3
180 8 1 1 0 0 0 0 0 0
181 8 0 0 0 0 0 0 0 0
183 8 0 0 0 0 0 0 0 0
184 8 0 0 0 0 0 0 0 0
205 8 0 0 0 0 0 0 0 0
206 8 0 0 0 0 0 0 0 0
207 8 0 0 0 0 0 0 0 0
208 8 0 0 0 0 0 0 0 0
209 8 0 0 8 0 0 0 0 0
210 8 0 0 8 0 0 0 0 0
211 8 0 0 8 0 0 0 0 0
212 8 0 0 8 0 0 0 0 0
233 8 0 0 0 0 0 0 0 0
234 8 0 0 0 0 0 0 0 0
235 8 0 0 0 0 0 0 0 0
236 8 0 0 0 0 0 0 0 0
237 8 0 0 0 0 0 0 0 0
238 8 1 1 0 0 0 0 0 0
239 8 0 0 0 0 0 0 0 0
2247 8 1 1 0 0 0 0 0 0
2253 8 0 0 8 0 0 0 0 0
2254 8 0 0 8 0 0 0 0 0
2262 8 0 0 0 0 0 0 0 0
2263 8 0 0 8 0 0 0 0 0
fn=strcmp
131 19997 1 1 19997 129 54 0 0 0
132 19997 0 0 19997 59 21 0 0 0
133 19997 0 0 0 0 0 0 0 0
134 19554 0 0 0 0 0 0 0 0
135 19554 0 0 0 0 0 0 0 0
136 19554 0 0 0 0 0 0 0 0
137 19554 0 0 0 0 0 0 0 0
139 1559 0 0 0 0 0 0 0 0
140 1559 0 0 1559 0 0 0 0 0
142 443 0 0 0 0 0 0 0 0
143 443 0 0 0 0 0 0 0 0
144 443 0 0 0 0 0 0 0 0
145 443 0 0 443 0 0 0 0 0
fl=/build/eglibc-3GlaMS/eglibc-2.19/string/../sysdeps/x86_64/multiarch/memcmp-sse4.S
fn=__memcmp_sse4_1
47 1 1 1 0 0 0 0 0 0
48 1 0 0 0 0 0 0 0 0
49 1 0 0 0 0 0 0 0 0
69 1 1 1 1 0 0 0 0 0
70 1 0 0 1 0 0 0 0 0
71 1 0 0 0 0 0 0 0 0
72 1 0 0 0 0 0 0 0 0
73 1 0 0 0 0 0 0 0 0
74 1 0 0 0 0 0 0 0 0
75 1 0 0 0 0 0 0 0 0
76 1 1 1 0 0 0 0 0 0
77 1 0 0 0 0 0 0 0 0
79 1 0 0 0 0 0 0 0 0
80 1 0 0 0 0 0 0 0 0
81 1 0 0 0 0 0 0 0 0
82 1 0 0 0 0 0 0 0 0
84 1 0 0 0 0 0 0 0 0
85 1 0 0 0 0 0 0 0 0
87 1 0 0 0 0 0 0 0 0
89 1 0 0 1 0 0 0 0 0
90 1 0 0 1 0 0 0 0 0
91 1 0 0 0 0 0 0 0 0
92 1 0 0 0 0 0 0 0 0
94 1 1 1 1 0 0 0 0 0
95 1 0 0 1 0 0 0 0 0
96 1 0 0 0 0 0 0 0 0
97 1 0 0 0 0 0 0 0 0
99 1 0 0 1 0 0 0 0 0
100 1 0 0 1 0 0 0 0 0
101 1 0 0 0 0 0 0 0 0
102 1 0 0 0 0 0 0 0 0
104 1 0 0 1 0 0 0 0 0
105 1 0 0 1 0 0 0 0 0
106 1 0 0 0 0 0 0 0 0
107 1 0 0 0 0 0 0 0 0
108 1 0 0 0 0 0 0 0 0
109 1 1 1 0 0 0 0 0 0
111 1 0 0 1 0 0 0 0 0
112 1 0 0 1 0 0 0 0 0
113 1 0 0 0 0 0 0 0 0
114 1 0 0 0 0 0 0 0 0
116 1 0 0 1 0 0 0 0 0
117 1 0 0 1 0 0 0 0 0
118 1 0 0 0 0 0 0 0 0
119 1 0 0 0 0 0 0 0 0
120 1 0 0 0 0 0 0 0 0
121 1 0 0 0 0 0 0 0 0
122 1 0 0 0 0 0 0 0 0
124 1 0 0 0 0 0 0 0 0
125 1 0 0 0 0 0 0 0 0
126 1 0 0 0 0 0 0 0 0
127 1 0 0 0 0 0 0 0 0
128 4 0 0 1 1 1 0 0 0
131 1 1 1 0 0 0 0 0 0
132 1 0 0 0 0 0 0 0 0
133 1 0 0 0 0 0 0 0 0
134 1 0 0 0 0 0 0 0 0
136 1 0 0 0 0 0 0 0 0
138 1 0 0 1 0 0 0 0 0
139 1 0 0 1 0 0 0 0 0
140 1 1 1 0 0 0 0 0 0
141 1 0 0 0 0 0 0 0 0
143 1 0 0 1 0 0 0 0 0
144 1 0 0 1 0 0 0 0 0
145 1 0 0 0 0 0 0 0 0
146 1 0 0 0 0 0 0 0 0
148 1 0 0 1 0 0 0 0 0
149 1 0 0 1 0 0 0 0 0
150 1 0 0 0 0 0 0 0 0
151 1 0 0 0 0 0 0 0 0
153 1 0 0 1 0 0 0 0 0
154 1 0 0 1 0 0 0 0 0
155 1 1 1 0 0 0 0 0 0
156 1 0 0 0 0 0 0 0 0
158 1 0 0 1 0 0 0 0 0
159 1 0 0 1 0 0 0 0 0
160 1 0 0 0 0 0 0 0 0
161 1 0 0 0 0 0 0 0 0
163 1 0 0 1 0 0 0 0 0
164 1 0 0 1 0 0 0 0 0
165 1 0 0 0 0 0 0 0 0
166 1 0 0 0 0 0 0 0 0
168 1 0 0 1 0 0 0 0 0
169 1 0 0 1 0 0 0 0 0
170 1 1 1 0 0 0 0 0 0
171 1 0 0 0 0 0 0 0 0
173 1 0 0 1 0 0 0 0 0
174 1 0 0 1 0 0 0 0 0
175 1 0 0 0 0 0 0 0 0
176 1 0 0 0 0 0 0 0 0
178 1 0 0 0 0 0 0 0 0
179 1 0 0 0 0 0 0 0 0
181 1 0 0 0 0 0 0 0 0
182 1 0 0 0 0 0 0 0 0
1249 1 1 1 1 0 0 0 0 0
1250 1 0 0 1 0 0 0 0 0
1251 1 0 0 0 0 0 0 0 0
1252 1 0 0 0 0 0 0 0 0
1253 1 0 0 0 0 0 0 0 0
1254 1 0 0 0 0 0 0 0 0
1255 1 0 0 1 0 0 0 0 0
1256 1 0 0 1 0 0 0 0 0
1257 1 0 0 0 0 0 0 0 0
1258 1 0 0 0 0 0 0 0 0
1259 1 1 1 1 0 0 0 0 0
1260 1 0 0 1 0 0 0 0 0
1261 1 0 0 0 0 0 0 0 0
1262 1 0 0 1 0 0 0 0 0
fl=/build/eglibc-3GlaMS/eglibc-2.19/string/../sysdeps/x86_64/multiarch/memcmp.S
fn=bcmp
29 1 1 1 1 1 0 0 0 0
30 1 0 0 0 0 0 0 0 0
33 1 0 0 1 0 0 0 0 0
34 1 0 0 0 0 0 0 0 0
38 1 1 0 1 0 0 0 0 0
39 1 0 0 0 0 0 0 0 0
40 1 0 0 0 0 0 0 0 0
41 1 0 0 1 0 0 0 0 0
fl=/build/eglibc-3GlaMS/eglibc-2.19/string/../sysdeps/x86_64/multiarch/memcpy-sse2-unaligned.S
fn=__memcpy_sse2_unaligned
25 604 1 1 0 0 0 0 0 0
26 604 0 0 0 0 0 0 0 0
27 604 0 0 0 0 0 0 0 0
28 604 0 0 0 0 0 0 0 0
29 604 0 0 0 0 0 0 0 0
30 604 0 0 0 0 0 0 0 0
31 604 0 0 0 0 0 0 0 0
32 604 0 0 0 0 0 0 0 0
40 604 1 1 0 0 0 0 0 0
41 604 0 0 604 0 0 0 0 0
132 604 1 1 0 0 0 0 0 0
133 604 0 0 0 0 0 0 0 0
134 604 1 1 0 0 0 0 0 0
136 604 0 0 0 0 0 0 0 0
137 567 0 0 0 0 0 0 0 0
139 567 0 0 0 0 0 0 0 0
140 567 0 0 567 0 0 0 0 0
141 567 0 0 0 0 0 0 0 0
142 567 0 0 0 0 0 567 261 0
143 567 0 0 0 0 0 0 0 0
144 264 0 0 264 0 0 0 0 0
145 264 0 0 0 0 0 264 0 0
146 264 0 0 0 0 0 0 0 0
166 37 1 1 37 0 0 0 0 0
167 37 0 0 0 0 0 37 37 1
168 37 0 0 37 0 0 0 0 0
169 37 0 0 0 0 0 37 0 0
170 37 0 0 0 0 0 0 0 0
fl=/build/eglibc-3GlaMS/eglibc-2.19/string/../sysdeps/x86_64/multiarch/memcpy.S
fn=memcpy@@GLIBC_2.14
32 1 1 1 1 0 0 0 0 0
33 1 0 0 0 0 0 0 0 0
35 1 1 1 0 0 0 0 0 0
36 1 0 0 1 1 0 0 0 0
37 1 0 0 0 0 0 0 0 0
38 1 0 0 0 0 0 0 0 0
39 1 0 0 1 0 0 0 0 0
fl=/build/eglibc-3GlaMS/eglibc-2.19/string/../sysdeps/x86_64/multiarch/memmove.c
fn=memcpy@GLIBC_2.2.5
49 1 1 1 0 0 0 0 0 0
fl=/build/eglibc-3GlaMS/eglibc-2.19/string/../sysdeps/x86_64/multiarch/strcmp.S
fn=strcasecmp
114 1 1 1 1 1 1 0 0 0
115 1 0 0 0 0 0 0 0 0
116 1 0 0 0 0 0 1 0 0
119 1 0 0 0 0 0 0 0 0
120 1 0 0 1 0 0 0 0 0
121 1 1 1 0 0 0 0 0 0
132 1 0 0 1 0 0 0 0 0
fn=strcmp
88 1 1 1 1 1 0 0 0 0
89 1 0 0 0 0 0 0 0 0
93 1 1 1 0 0 0 0 0 0
94 1 0 0 1 0 0 0 0 0
95 1 0 0 0 0 0 0 0 0
103 1 0 0 0 0 0 0 0 0
104 1 0 0 1 0 0 0 0 0
105 1 0 0 0 0 0 0 0 0
107 1 0 0 1 0 0 0 0 0
fn=strncasecmp
140 1 1 1 1 0 0 0 0 0
141 1 0 0 0 0 0 0 0 0
145 1 0 0 0 0 0 0 0 0
146 1 0 0 1 0 0 0 0 0
147 1 0 0 0 0 0 0 0 0
158 1 1 1 1 0 0 0 0 0
fl=/build/eglibc-3GlaMS/eglibc-2.19/string/../sysdeps/x86_64/rtld-memset.S
fn=memset
30 23 2 2 0 0 0 0 0 0
31 23 0 0 0 0 0 0 0 0
32 23 0 0 0 0 0 0 0 0
33 5019 0 0 0 0 0 4996 80 80
34 23 0 0 0 0 0 0 0 0
35 23 0 0 23 0 0 0 0 0
fl=/build/eglibc-3GlaMS/eglibc-2.19/string/../sysdeps/x86_64/strlen.S
fn=strlen
66 68 1 1 0 0 0 0 0 0
67 68 0 0 0 0 0 0 0 0
68 68 0 0 0 0 0 0 0 0
69 68 0 0 0 0 0 0 0 0
70 68 0 0 0 0 0 0 0 0
71 68 0 0 0 0 0 0 0 0
72 68 0 0 0 0 0 0 0 0
74 68 0 0 0 0 0 0 0 0
76 68 0 0 0 0 0 0 0 0
106 68 0 0 68 4 4 0 0 0
107 68 0 0 0 0 0 0 0 0
108 68 0 0 0 0 0 0 0 0
109 68 0 0 0 0 0 0 0 0
110 68 0 0 0 0 0 0 0 0
111 68 0 0 0 0 0 0 0 0
112 68 1 1 68 0 0 0 0 0
fl=/build/eglibc-3GlaMS/eglibc-2.19/string/../sysdeps/x86_64/strrchr.S
fn=rindex
24 1 1 1 0 0 0 0 0 0
25 1 0 0 0 0 0 0 0 0
26 1 0 0 0 0 0 0 0 0
27 1 0 0 0 0 0 0 0 0
28 1 0 0 0 0 0 0 0 0
29 1 0 0 0 0 0 0 0 0
30 1 0 0 0 0 0 0 0 0
31 1 0 0 0 0 0 0 0 0
32 1 0 0 1 1 0 0 0 0
33 1 0 0 0 0 0 0 0 0
34 1 0 0 0 0 0 0 0 0
35 1 0 0 0 0 0 0 0 0
36 1 0 0 0 0 0 0 0 0
37 1 0 0 0 0 0 0 0 0
38 1 1 1 0 0 0 0 0 0
39 1 0 0 0 0 0 0 0 0
40 1 0 0 0 0 0 0 0 0
41 1 0 0 0 0 0 0 0 0
42 1 0 0 0 0 0 0 0 0
43 1 0 0 0 0 0 0 0 0
44 1 0 0 0 0 0 0 0 0
45 1 0 0 0 0 0 0 0 0
46 1 0 0 0 0 0 0 0 0
47 1 0 0 1 0 0 0 0 0
fl=/build/eglibc-3GlaMS/eglibc-2.19/string/wordcopy.c
fn=_wordcopy_fwd_aligned
38 24 2 2 4 2 2 0 0 0
41 2 0 0 2 0 0 0 0 0
42 2 0 0 0 0 0 0 0 0
43 2 0 0 0 0 0 0 0 0
44 2 0 0 0 0 0 0 0 0
45 2 0 0 0 0 0 0 0 0
47 2 2 2 2 0 0 0 0 0
48 2 0 0 0 0 0 0 0 0
49 2 0 0 0 0 0 0 0 0
50 2 0 0 0 0 0 0 0 0
51 2 0 0 0 0 0 0 0 0
115 2 2 2 2 0 0 0 0 0
116 2 0 0 0 0 0 2 0 0
118 4 0 0 4 0 0 0 0 0
119 4 0 0 0 0 0 4 0 0
122 4 0 0 0 0 0 0 0 0
125 8 0 0 0 0 0 0 0 0
130 8 2 2 4 0 0 4 0 0
fl=/build/eglibc-3GlaMS/eglibc-2.19/time/../sysdeps/generic/dl-hash.h
fn=gettimeofday
43 1 0 0 0 0 0 0 0 0
44 1 1 1 0 0 0 0 0 0
45 13 1 1 4 0 0 0 0 0
48 12 0 0 0 0 0 0 0 0
49 8 0 0 0 0 0 0 0 0
62 8 0 0 0 0 0 0 0 0
67 1 0 0 0 0 0 0 0 0
fn=time
43 1 0 0 0 0 0 0 0 0
44 1 0 0 0 0 0 0 0 0
45 13 0 0 4 1 1 0 0 0
48 12 0 0 0 0 0 0 0 0
49 8 1 1 0 0 0 0 0 0
62 8 0 0 0 0 0 0 0 0
67 1 0 0 0 0 0 0 0 0
fl=/build/eglibc-3GlaMS/eglibc-2.19/time/../sysdeps/unix/sysv/linux/x86_64/gettimeofday.c
fn=gettimeofday
30 1 0 0 0 0 0 0 0 0
31 7 0 0 0 0 0 4 0 0
34 3 0 0 0 0 0 1 0 0
35 3 0 0 0 0 0 0 0 0
36 3 0 0 1 0 0 0 0 0
fl=/build/eglibc-3GlaMS/eglibc-2.19/time/../sysdeps/unix/sysv/linux/x86_64/time.c
fn=time
36 1 0 0 0 0 0 0 0 0
37 7 1 1 0 0 0 4 0 0
40 6 1 1 0 0 0 1 0 0
41 3 0 0 1 0 0 0 0 0
fl=/build/eglibc-3GlaMS/eglibc-2.19/wcsmbs/./wcsmbsload.h
fn=btowc
71 384 0 0 128 1 0 0 0 0
73 384 1 1 0 0 0 0 0 0
74 256 0 0 0 0 0 0 0 0
fl=/build/eglibc-3GlaMS/eglibc-2.19/wcsmbs/btowc.c
fn=btowc
34 1280 1 1 0 0 0 768 0 0
39 1280 0 0 0 0 0 0 0 0
40 256 0 0 0 0 0 0 0 0
44 768 0 0 0 0 0 0 0 0
48 384 1 1 384 1 0 0 0 0
49 256 0 0 256 1 0 0 0 0
51 256 0 0 128 1 0 0 0 0
52 256 0 0 0 0 0 0 0 0
56 256 0 0 128 1 0 0 0 0
59 768 1 1 128 0 0 256 0 0
101 1280 0 0 1024 0 0 0 0 0
fl=/build/eglibc-3GlaMS/eglibc-2.19/wcsmbs/wctob.c
fn=wctob
32 896 1 1 0 0 0 640 0 0
41 256 0 0 0 0 0 0 0 0
46 256 0 0 0 0 0 0 0 0
47 128 0 0 0 0 0 0 0 0
84 896 0 0 768 0 0 0 0 0
fl=/build/eglibc-3GlaMS/eglibc-2.19/wctype/wctype_l.c
fn=wctype_l
27 90 1 1 0 0 0 60 0 0
30 20 0 0 0 0 0 10 0 0
33 30 0 0 20 1 0 0 0 0
34 58 0 0 0 0 0 0 0 0
36 174 1 1 0 0 0 58 0 0
38 410 0 0 0 0 0 49 0 0
41 48 0 0 0 0 0 0 0 0
42 96 0 0 48 0 0 0 0 0
46 10 0 0 10 1 0 0 0 0
47 10 0 0 10 2 0 0 0 0
48 80 1 1 70 0 0 0 0 0
fl=???
fn=???
0 295166 210 203 122803 6733 44 32226 16 8
fn=_GLOBAL__sub_I_cache
0 8 0 0 1 0 0 2 0 0
fn=__atan2_finite
0 9 0 0 2 0 0 1 0 0
fn=__cpu_indicator_init
0 88 8 8 19 2 1 13 0 0
fn=__cxa_guard_acquire
0 26 4 4 10 1 0 6 0 0
fn=__cxa_guard_release
0 5 2 2 2 0 0 2 0 0
fn=__cxxabiv1::__si_class_type_info::__do_dyncast(long, __cxxabiv1::__class_type_info::__sub_kind, __cxxabiv1::__class_type_info const*, void const*, __cxxabiv1::__class_type_info const*, void const*, __cxxabiv1::__class_type_info::__dyncast_result&) const
0 1768 3 3 572 1 0 468 0 0
fn=__cxxabiv1::__vmi_class_type_info::__do_dyncast(long, __cxxabiv1::__class_type_info::__sub_kind, __cxxabiv1::__class_type_info const*, void const*, __cxxabiv1::__class_type_info const*, void const*, __cxxabiv1::__class_type_info::__dyncast_result&) const
0 472 5 5 184 2 1 136 0 0
fn=__dynamic_cast
0 2820 4 4 960 16 0 720 0 0
fn=__libc_csu_init
0 41 3 3 9 2 1 9 0 0
fn=__log_finite
0 9 1 1 2 0 0 1 0 0
fn=_dl_debug_initialize
0 7 1 1 6 0 0 0 0 0
fn=bool std::has_facet<std::codecvt<char, char, __mbstate_t> >(std::locale const&)
0 63 1 1 27 0 0 9 0 0
fn=bool std::has_facet<std::codecvt<wchar_t, char, __mbstate_t> >(std::locale const&)
0 63 1 1 27 0 0 9 0 0
fn=bool std::has_facet<std::ctype<char> >(std::locale const&)
0 84 2 2 36 1 0 12 0 0
fn=bool std::has_facet<std::ctype<wchar_t> >(std::locale const&)
0 84 2 2 36 0 0 12 0 0
fn=bool std::has_facet<std::num_get<char, std::istreambuf_iterator<char, std::char_traits<char> > > >(std::locale const&)
0 84 1 1 36 0 0 12 0 0
fn=bool std::has_facet<std::num_get<wchar_t, std::istreambuf_iterator<wchar_t, std::char_traits<wchar_t> > > >(std::locale const&)
0 84 1 1 36 1 0 12 0 0
fn=bool std::has_facet<std::num_put<char, std::ostreambuf_iterator<char, std::char_traits<char> > > >(std::locale const&)
0 84 2 2 36 1 0 12 0 0
fn=bool std::has_facet<std::num_put<wchar_t, std::ostreambuf_iterator<wchar_t, std::char_traits<wchar_t> > > >(std::locale const&)
0 84 2 2 36 0 0 12 0 0
fn=main
0 308540518 3 3 3774 299 1 61701113 3858911 754405
fn=memcpy@GLIBC_2.2.5
0 12 1 1 4 0 0 0 0 0
fn=operator new(unsigned long)
0 66 2 2 12 0 0 12 0 0
fn=operator new[](unsigned long)
0 6 1 1 0 0 0 0 0 0
fn=sin
0 9 0 0 2 0 0 1 0 0
fn=solve(int, int)
0 2978167302 3 1 689093752 98149690 6413493 597217480 57835984 1512618
fn=std::_V2::error_category::~error_category()
0 3 0 0 3 0 0 0 0 0
fn=std::__basic_file<char>::__basic_file(pthread_mutex_t*)
0 18 1 1 6 0 0 12 0 0
fn=std::__basic_file<char>::fd()
0 608 1 1 304 0 0 0 0 0
fn=std::__basic_file<char>::is_open() const
0 36 0 0 24 0 0 0 0 0
fn=std::__basic_file<char>::sync()
0 12 0 0 6 0 0 0 0 0
fn=std::__basic_file<char>::sys_open(_IO_FILE*, std::_Ios_Openmode)
0 150 2 2 24 0 0 54 1 0
fn=std::__basic_file<char>::xsgetn(char*, long)
0 50 2 2 10 0 0 12 0 0
fn=std::__basic_file<char>::xsputn(char const*, long)
0 3926 1 1 604 0 0 906 0 0
fn=std::__timepunct<char>::_M_initialize_timepunct(__locale_struct*)
0 105 12 12 6 0 0 52 0 0
fn=std::__timepunct<char>::__timepunct(std::__timepunct_cache<char>*, unsigned long)
0 22 2 2 4 0 0 9 1 1
fn=std::__timepunct<wchar_t>::_M_initialize_timepunct(__locale_struct*)
0 103 12 12 5 0 0 51 0 0
fn=std::__timepunct<wchar_t>::__timepunct(std::__timepunct_cache<wchar_t>*, unsigned long)
0 22 2 2 4 0 0 9 0 0
fn=std::basic_filebuf<char, std::char_traits<char> >::_M_allocate_internal_buffer()
0 36 2 2 15 0 0 12 0 0
fn=std::basic_filebuf<char, std::char_traits<char> >::_M_convert_to_external(char*, long)
0 11476 4 4 3926 0 0 2718 0 0
fn=std::basic_filebuf<char, std::char_traits<char> >::basic_filebuf()
0 192 7 7 24 0 0 132 12 12
fn=std::basic_filebuf<char, std::char_traits<char> >::overflow(int)
0 12721 8 8 3032 0 0 2728 1 0
fn=std::basic_filebuf<char, std::char_traits<char> >::sync()
0 19771 1 1 11017 0 0 302 0 0
fn=std::basic_filebuf<char, std::char_traits<char> >::underflow()
0 116 4 4 40 4 0 30 0 0
fn=std::basic_filebuf<char, std::char_traits<char> >::xsputn(char const*, long)
0 24164 4 4 7249 1496 5 3020 0 0
fn=std::basic_filebuf<wchar_t, std::char_traits<wchar_t> >::_M_allocate_internal_buffer()
0 48 2 2 15 0 0 12 0 0
fn=std::basic_filebuf<wchar_t, std::char_traits<wchar_t> >::basic_filebuf()
0 192 8 8 24 1 0 132 11 0
fn=std::basic_filebuf<wchar_t, std::char_traits<wchar_t> >::sync()
0 15 0 0 9 2 2 0 0 0
fn=std::basic_ios<char, std::char_traits<char> >::_M_cache_locale(std::locale const&)
0 120 3 3 12 0 0 44 0 0
fn=std::basic_ios<char, std::char_traits<char> >::clear(std::_Ios_Iostate)
0 24 1 1 12 1 0 4 0 0
fn=std::basic_ios<char, std::char_traits<char> >::init(std::basic_streambuf<char, std::char_traits<char> >*)
0 88 2 2 12 0 0 40 0 0
fn=std::basic_ios<char, std::char_traits<char> >::rdbuf(std::basic_streambuf<char, std::char_traits<char> >*)
0 32 2 2 12 1 0 12 0 0
fn=std::basic_ios<wchar_t, std::char_traits<wchar_t> >::_M_cache_locale(std::locale const&)
0 120 2 2 12 0 0 44 0 0
fn=std::basic_ios<wchar_t, std::char_traits<wchar_t> >::clear(std::_Ios_Iostate)
0 24 1 1 12 2 0 4 0 0
fn=std::basic_ios<wchar_t, std::char_traits<wchar_t> >::init(std::basic_streambuf<wchar_t, std::char_traits<wchar_t> >*)
0 88 2 2 12 0 0 40 0 0
fn=std::basic_ios<wchar_t, std::char_traits<wchar_t> >::rdbuf(std::basic_streambuf<wchar_t, std::char_traits<wchar_t> >*)
0 32 1 1 12 2 0 12 0 0
fn=std::basic_ostream<char, std::char_traits<char> >& std::__ostream_insert<char, std::char_traits<char> >(std::basic_ostream<char, std::char_traits<char> >&, char const*, long)
0 15100 6 6 6342 0 0 3322 0 0
fn=std::basic_ostream<char, std::char_traits<char> >& std::operator<< <std::char_traits<char> >(std::basic_ostream<char, std::char_traits<char> >&, char)
0 2114 1 1 302 0 0 604 0 0
fn=std::basic_ostream<wchar_t, std::char_traits<wchar_t> >::flush()
0 42 1 1 21 10 10 6 0 0
fn=std::basic_streambuf<char, std::char_traits<char> >::xsputn(char const*, long)
0 20553 3 3 5442 1 0 3625 0 0
fn=std::codecvt<char, char, __mbstate_t> const& std::use_facet<std::codecvt<char, char, __mbstate_t> >(std::locale const&)
0 57 2 2 27 0 0 9 0 0
fn=std::codecvt<char, char, __mbstate_t>::codecvt(unsigned long)
0 17 2 2 4 0 0 6 2 2
fn=std::codecvt<char, char, __mbstate_t>::do_always_noconv() const
0 1816 1 1 908 0 0 0 0 0
fn=std::codecvt<wchar_t, char, __mbstate_t> const& std::use_facet<std::codecvt<wchar_t, char, __mbstate_t> >(std::locale const&)
0 57 2 2 27 0 0 9 0 0
fn=std::codecvt<wchar_t, char, __mbstate_t>::codecvt(unsigned long)
0 17 2 2 4 0 0 6 1 1
fn=std::ctype<char> const& std::use_facet<std::ctype<char> >(std::locale const&)
0 76 2 2 36 0 0 12 0 0
fn=std::ctype<char>::_M_widen_init() const
0 1099 4 4 43 2 0 295 4 0
fn=std::ctype<char>::ctype(unsigned short const*, bool, unsigned long)
0 115 4 4 8 1 0 79 9 9
fn=std::ctype<wchar_t> const& std::use_facet<std::ctype<wchar_t> >(std::locale const&)
0 76 2 2 36 0 0 12 0 0
fn=std::ctype<wchar_t>::_M_convert_to_wmask(unsigned short) const
0 137 6 6 12 0 0 0 0 0
fn=std::ctype<wchar_t>::_M_initialize_ctype()
0 2757 5 5 5 0 0 810 20 20
fn=std::ctype<wchar_t>::ctype(unsigned long)
0 19 1 1 3 0 0 7 1 1
fn=std::error_category::error_category()
0 8 1 1 4 1 0 2 0 0
fn=std::error_category::~error_category()
0 2 0 0 2 0 0 0 0 0
fn=std::future_category()
0 17 2 2 2 1 1 3 0 0
fn=std::ios_base::Init::Init()
0 293 33 32 50 11 0 175 16 9
fn=std::ios_base::Init::~Init()
0 32 3 3 12 8 8 8 0 0
fn=std::ios_base::_M_init()
0 144 2 2 24 0 0 64 0 0
fn=std::ios_base::ios_base()
0 472 3 3 8 0 0 216 31 23
fn=std::ios_base::sync_with_stdio(bool)
0 112 9 9 26 5 0 34 0 0
fn=std::istream::operator>>(int&)
0 166464 5 5 48552 300 0 31212 226 1
fn=std::istream::sentry::sentry(std::istream&, bool)
0 235820 6 6 93633 2442 45 27745 0 0
fn=std::istreambuf_iterator<char, std::char_traits<char> > std::num_get<char, std::istreambuf_iterator<char, std::char_traits<char> > >::_M_extract_int<long>(std::istreambuf_iterator<char, std::char_traits<char> >, std::istreambuf_iterator<char, std::char_tr
0 721040 19 19 186168 1008 84 117544 0 0
fn=std::locale::_Impl::_Impl(unsigned long)
0 869 67 67 77 24 1 417 46 46
fn=std::locale::_Impl::_M_install_facet(std::locale::id const*, std::locale::facet const*)
0 7530 6 6 2220 0 0 240 0 0
fn=std::locale::facet::_S_create_c_locale(__locale_struct*&, char const*, __locale_struct*)
0 9 1 1 2 0 0 3 0 0
fn=std::locale::facet::_S_get_c_locale()
0 92 2 2 41 0 0 11 0 0
fn=std::locale::facet::_S_get_c_name()
0 10 1 1 5 0 0 0 0 0
fn=std::locale::id::_M_id() const
0 19610 1 1 7796 306 5 60 0 0
fn=std::locale::locale()
0 560 3 3 224 0 0 168 1 0
fn=std::locale::operator=(std::locale const&)
0 144 2 2 64 0 0 24 0 0
fn=std::locale::~locale()
0 154 1 1 70 0 0 28 0 0
fn=std::messages<char>::messages(unsigned long)
0 19 1 1 4 0 0 8 1 1
fn=std::messages<wchar_t>::messages(unsigned long)
0 19 2 2 4 0 0 8 0 0
fn=std::moneypunct<char, false>::_M_initialize_moneypunct(__locale_struct*, char const*)
0 98 5 5 23 1 1 31 0 0
fn=std::moneypunct<char, true>::_M_initialize_moneypunct(__locale_struct*, char const*)
0 98 5 5 23 0 0 31 0 0
fn=std::moneypunct<wchar_t, false>::_M_initialize_moneypunct(__locale_struct*, char const*)
0 106 7 7 27 0 0 32 0 0
fn=std::moneypunct<wchar_t, true>::_M_initialize_moneypunct(__locale_struct*, char const*)
0 106 7 7 27 0 0 32 0 0
fn=std::num_get<char, std::istreambuf_iterator<char, std::char_traits<char> > > const& std::use_facet<std::num_get<char, std::istreambuf_iterator<char, std::char_traits<char> > > >(std::locale const&)
0 76 1 1 36 0 0 12 0 0
fn=std::num_get<char, std::istreambuf_iterator<char, std::char_traits<char> > >::do_get(std::istreambuf_iterator<char, std::char_traits<char> >, std::istreambuf_iterator<char, std::char_traits<char> >, std::ios_base&, std::_Ios_Iostate&, long&) const
0 20808 1 1 10404 0 0 10404 0 0
fn=std::num_get<wchar_t, std::istreambuf_iterator<wchar_t, std::char_traits<wchar_t> > > const& std::use_facet<std::num_get<wchar_t, std::istreambuf_iterator<wchar_t, std::char_traits<wchar_t> > > >(std::locale const&)
0 76 1 1 36 0 0 12 0 0
fn=std::num_put<char, std::ostreambuf_iterator<char, std::char_traits<char> > > const& std::use_facet<std::num_put<char, std::ostreambuf_iterator<char, std::char_traits<char> > > >(std::locale const&)
0 76 2 2 36 0 0 12 0 0
fn=std::num_put<char, std::ostreambuf_iterator<char, std::char_traits<char> > >::do_put(std::ostreambuf_iterator<char, std::char_traits<char> >, std::ios_base&, char, long) const
0 1510 1 1 302 0 0 302 0 0
fn=std::num_put<wchar_t, std::ostreambuf_iterator<wchar_t, std::char_traits<wchar_t> > > const& std::use_facet<std::num_put<wchar_t, std::ostreambuf_iterator<wchar_t, std::char_traits<wchar_t> > > >(std::locale const&)
0 76 2 2 36 0 0 12 0 0
fn=std::numpunct<char>::_M_initialize_numpunct(__locale_struct*)
0 349 4 4 72 4 1 75 0 0
fn=std::numpunct<wchar_t>::_M_initialize_numpunct(__locale_struct*)
0 349 6 6 73 0 0 75 3 3
fn=std::ostream& std::ostream::_M_insert<long>(long)
0 15117 6 6 6046 601 2 2419 0 0
fn=std::ostream::flush()
0 48594 2 2 24297 7 5 6942 0 0
fn=std::ostream::operator<<(int)
0 3020 1 1 906 897 3 0 0 0
fn=std::ostream::sentry::sentry(std::ostream&)
0 12684 2 2 4228 299 1 3020 0 0
fn=std::ostreambuf_iterator<char, std::char_traits<char> > std::num_put<char, std::ostreambuf_iterator<char, std::char_traits<char> > >::_M_insert_int<long>(std::ostreambuf_iterator<char, std::char_traits<char> >, std::ios_base&, char, long) const
0 27482 6 6 5436 1198 4 5436 0 0
summary: 3289996714 1525 1502 690038267 98177627 6420531 659312479 61697179 2268269
